5.000000
32 32 32
128.000000 128.000000 128.000000
48.000000 48.000000 48.000000
13.751194 474.970756 118.319614
11941 5 21 11
0.986539 -0.077521 -0.143985 10.324105
10886 6 20 10
0.225882 0.647323 0.727977 9.165910
11910 6 20 11
0.438400 0.898747 -0.007710 12.575665
16006 6 20 15
0.941158 0.337217 0.022510 7.958338
10918 6 21 10
0.234140 -0.107290 0.966265 11.581701
11942 6 21 11
0.999261 -0.031075 -0.022605 15.957419
12966 6 21 12
0.672892 0.044869 -0.738379 12.136752
16038 6 21 15
0.998874 -0.027795 -0.038439 9.224250
11974 6 22 11
0.743358 -0.661676 0.097995 13.495079
18118 6 22 17
0.903040 -0.135107 -0.407756 7.246643
12006 6 23 11
0.724694 -0.689052 -0.004978 9.108299
12038 6 24 11
0.570018 -0.814229 -0.110047 4.812750
11687 7 13 11
0.997317 0.032702 0.065500 8.781809
11911 7 20 11
-0.021193 0.921147 0.388637 14.074751
12935 7 20 12
0.558918 0.775812 -0.292789 14.165350
16007 7 20 15
0.914506 0.404187 0.017657 15.448921
10919 7 21 10
-0.178856 -0.108885 0.977832 11.554707
15015 7 21 14
0.958644 -0.065182 0.277042 15.182744
16039 7 21 15
0.889589 -0.385711 -0.244659 15.574007
18087 7 21 17
0.859409 0.351378 -0.371415 13.577564
11975 7 22 11
-0.357937 -0.710439 0.605935 15.103741
12999 7 22 12
0.158918 -0.777010 -0.609097 14.011170
14023 7 22 13
0.581518 -0.813471 -0.010117 12.092878
15047 7 22 14
0.635316 -0.747637 0.193422 13.088106
16071 7 22 15
0.649017 -0.760047 0.033249 13.346775
17095 7 22 16
0.790437 -0.533493 0.300990 14.432956
18119 7 22 17
0.620665 -0.486192 -0.615135 13.357250
10983 7 23 10
-0.129153 -0.421575 0.897549 6.999903
12007 7 23 11
-0.227314 -0.967823 0.107919 11.082587
15079 7 23 14
0.320337 -0.932759 0.165364 7.485863
16103 7 23 15
0.312486 -0.947761 0.064052 8.082473
17127 7 23 16
0.256900 -0.964948 0.053655 8.818078
18151 7 23 17
0.210933 -0.873499 -0.438757 7.314845
12039 7 24 11
-0.281745 -0.954428 -0.098424 5.545401
13704 8 12 13
0.574950 0.701054 -0.421847 7.459986
10664 8 13 10
0.502809 -0.085435 0.860165 11.130426
11688 8 13 11
0.859317 0.374303 0.348528 15.179899
12712 8 13 12
0.826031 0.510474 -0.238935 15.008891
13736 8 13 13
0.759672 0.388699 -0.521356 12.216418
12744 8 14 12
0.931648 -0.363355 0.002278 15.089848
13768 8 14 13
0.862491 -0.183880 -0.471485 12.956347
12776 8 15 12
0.793354 -0.582727 0.176123 10.224112
13800 8 15 13
0.871547 -0.409462 -0.269716 9.832353
17000 8 19 16
0.671452 0.549749 -0.496919 15.104580
10888 8 20 10
-0.340240 0.556017 0.758341 7.869359
11912 8 20 11
-0.417995 0.712504 0.563577 12.501541
12936 8 20 12
-0.291151 0.873271 0.390677 14.960709
13960 8 20 13
0.225900 0.956623 0.183963 16.094696
14984 8 20 14
0.320997 0.879741 0.350738 17.394194
16008 8 20 15
0.644146 0.732418 -0.220542 18.609034
19080 8 20 18
0.421591 0.517674 -0.744496 10.589650
10920 8 21 10
-0.422688 -0.109303 0.899660 9.498454
11944 8 21 11
-0.735830 -0.218718 0.640872 13.955118
13992 8 21 13
0.084125 -0.861567 0.500625 16.973660
15016 8 21 14
0.281521 -0.959393 0.017646 17.905203
18088 8 21 17
0.795494 0.525241 -0.302177 17.999258
19112 8 21 18
0.438511 0.029021 -0.898257 13.342593
10952 8 22 10
-0.409582 -0.367816 0.834838 7.602840
11976 8 22 11
-0.733093 -0.551011 0.398699 11.959764
17096 8 22 16
0.451254 -0.717977 0.529979 16.832174
18120 8 22 17
0.313736 -0.797291 -0.515651 16.512402
15080 8 23 14
-0.103789 -0.956040 0.274255 8.031073
11625 9 11 11
0.665205 0.742800 0.075836 11.640915
10633 9 12 10
0.664225 0.326297 0.672559 13.124402
13737 9 13 13
0.329037 0.783141 -0.527659 16.068216
14761 9 13 14
0.425585 0.417482 -0.802861 11.097900
11721 9 14 11
0.206636 -0.514976 0.831926 17.077778
12745 9 14 12
0.502525 -0.781281 0.370226 19.309175
13769 9 14 13
0.610771 -0.086397 -0.787080 18.203054
12777 9 15 12
0.550323 -0.781966 0.292700 15.859472
13801 9 15 13
0.789052 -0.565023 -0.241136 16.002237
16873 9 15 16
0.869351 0.494016 -0.013277 12.386039
13833 9 16 13
0.981105 -0.019789 0.192461 14.217062
14857 9 16 14
0.966826 0.254461 0.022301 14.858856
16905 9 16 16
0.940657 0.339267 -0.007880 16.050098
17929 9 16 17
0.482602 0.218183 -0.848229 11.858871
13865 9 17 13
0.954815 0.136897 0.263796 14.906485
14889 9 17 14
0.984066 -0.106061 0.142703 15.687488
15913 9 17 15
0.985641 0.022970 0.167286 16.656403
16937 9 17 16
0.983628 -0.000645 -0.180207 17.318010
17961 9 17 17
0.461064 -0.027836 -0.886930 12.531105
13897 9 18 13
0.972839 -0.230341 -0.022969 14.461419
16969 9 18 16
0.944510 -0.040707 -0.325949 16.987251
17001 9 19 16
0.626323 0.665305 -0.406311 17.361032
18025 9 19 17
0.494654 0.478620 -0.725424 14.919694
11913 9 20 11
-0.006404 0.517148 0.855872 10.829538
14985 9 20 14
-0.259713 0.929940 0.260308 17.252439
16009 9 20 15
-0.741554 0.655850 0.141275 18.067875
19081 9 20 18
0.211903 0.441078 -0.872093 13.190169
11945 9 21 11
-0.200486 -0.276043 0.940003 11.781257
15017 9 21 14
-0.306303 -0.950638 -0.049657 17.876982
16041 9 21 15
-0.385515 -0.917051 -0.101957 17.359484
19113 9 21 18
0.059039 0.030520 -0.997789 15.306246
16073 9 22 15
-0.331141 -0.733468 0.593608 14.840321
17097 9 22 16
-0.286806 -0.798427 0.529392 17.545847
18121 9 22 17
-0.123802 -0.871752 -0.474048 17.218777
19145 9 22 18
0.126950 -0.654290 -0.745512 12.810002
15081 9 23 14
-0.227533 -0.919462 0.320652 6.862573
16105 9 23 15
-0.172316 -0.930581 0.322995 9.358639
17129 9 23 16
0.015161 -0.999089 0.039887 11.084829
8458 10 8 8
0.723207 0.690624 0.003239 6.357665
8490 10 9 8
0.989230 0.142013 -0.035432 9.640294
6474 10 10 6
0.706543 0.154400 0.690621 5.586613
7498 10 10 7
0.964816 -0.087798 0.247833 8.567721
6506 10 11 6
0.666174 -0.551886 0.501631 4.407648
13674 10 11 13
0.035468 0.830664 -0.555643 9.872023
9610 10 12 9
0.362957 -0.053244 0.930283 11.167892
11658 10 12 11
0.784102 -0.231068 0.576013 17.707630
12682 10 12 12
0.456731 0.366804 -0.810464 17.344170
13706 10 12 13
0.083790 0.545029 -0.834220 14.299225
14730 10 12 14
0.044725 0.543823 -0.838008 9.236252
9642 10 13 9
0.176532 -0.474453 0.862398 9.261855
14762 10 13 14
-0.172621 0.479600 -0.860341 12.622928
15786 10 13 15
-0.030709 0.767301 -0.640551 7.939032
10698 10 14 10
-0.170508 -0.579234 0.797130 11.096638
11722 10 14 11
-0.683903 -0.388818 0.617331 15.559660
13770 10 14 13
-0.550570 0.684452 -0.477910 18.700804
16842 10 14 16
-0.227196 0.897319 -0.378419 10.791529
12778 10 15 12
-0.088448 -0.269457 0.958942 17.135563
13802 10 15 13
0.913182 -0.307565 0.267400 19.055998
16874 10 15 16
-0.191709 0.911195 -0.364652 15.915630
17898 10 15 17
-0.155670 0.425297 -0.891566 10.274935
11786 10 16 11
0.230579 0.332627 0.914436 13.710230
14858 10 16 14
0.860799 -0.048447 0.506634 19.205196
15882 10 16 15
0.651447 0.756009 0.063775 19.990458
16906 10 16 16
-0.115462 0.572039 -0.812059 19.458309
11818 10 17 11
0.476261 -0.292457 0.829243 14.194036
15914 10 17 15
0.780921 -0.518098 0.348907 20.556456
16938 10 17 16
-0.317270 -0.299154 -0.899915 19.421644
13898 10 18 13
0.747743 0.633364 -0.199326 16.869110
15946 10 18 15
0.726305 -0.646053 0.234726 19.371906
17994 10 18 17
0.186974 0.335114 -0.923439 15.108995
19018 10 18 18
0.454300 0.663332 -0.594645 10.778113
20042 10 18 19
0.649460 0.632220 -0.422492 8.151456
12906 10 19 12
0.375602 0.253850 0.891338 16.111168
13930 10 19 13
0.820095 0.009116 -0.572155 17.103987
15978 10 19 15
0.642876 -0.703031 0.304069 17.147545
18026 10 19 17
0.326528 0.462934 -0.824058 16.586020
11914 10 20 11
-0.058575 0.129335 0.989869 11.253163
12938 10 20 12
0.062227 0.053023 0.996653 17.013887
14986 10 20 14
-0.595302 0.483857 -0.641481 16.382187
17034 10 20 16
-0.238501 0.213714 0.947335 17.713665
18058 10 20 17
0.380859 0.691873 -0.613399 18.387152
12970 10 21 12
-0.534776 -0.662054 0.525071 15.608566
13994 10 21 13
-0.749696 -0.660577 -0.039917 16.505253
15018 10 21 14
-0.744553 -0.574536 -0.339926 15.508410
17066 10 21 16
-0.198424 -0.297174 0.933978 17.483324
18090 10 21 17
0.533283 -0.519774 -0.667416 18.784220
19114 10 21 18
0.369697 -0.124331 -0.920796 15.902634
13002 10 22 12
-0.398728 -0.855035 0.331558 10.283954
14026 10 22 13
-0.418857 -0.907985 -0.011024 11.506145
15050 10 22 14
-0.552681 -0.824007 -0.124721 10.692969
18122 10 22 17
0.263033 -0.853526 -0.449785 16.867420
19146 10 22 18
0.456817 -0.596197 -0.660203 14.151122
20170 10 22 19
0.714115 -0.273785 -0.644268 10.338092
21354 10 27 20
0.848727 0.117569 0.515597 10.140854
22378 10 27 21
0.881066 0.313773 -0.353935 11.221491
22410 10 28 21
0.725283 -0.668038 -0.166401 9.898812
23434 10 28 22
0.447397 -0.335754 -0.828918 6.089205
8459 11 8 8
0.066748 0.984848 0.160059 9.613810
9483 11 8 9
0.155693 0.823747 -0.545160 7.711545
8491 11 9 8
0.534930 0.715928 0.448661 15.414086
9515 11 9 9
0.472690 0.458101 -0.752800 13.224953
6475 11 10 6
-0.052463 0.281818 0.958033 7.716490
7499 11 10 7
0.319427 0.125278 0.939293 13.197875
8523 11 10 8
0.842249 -0.524948 0.122665 15.390328
9547 11 10 9
0.893584 -0.050489 -0.446047 14.463926
6507 11 11 6
0.076382 -0.578078 0.812398 6.711803
7531 11 11 7
0.441505 -0.780451 0.442684 10.900134
8555 11 11 8
0.685697 -0.701191 0.195323 12.541623
9579 11 11 9
0.772705 -0.223761 0.594018 13.885552
10603 11 11 10
0.374697 0.916781 0.138258 15.439673
11627 11 11 11
-0.244651 0.864516 -0.439042 13.961778
9611 11 12 9
0.324696 -0.283657 0.902281 12.955118
11659 11 12 11
-0.954557 0.070999 -0.289447 17.129143
12683 11 12 12
-0.822453 0.303779 -0.480925 15.135564
13707 11 12 13
-0.660848 0.318844 -0.679426 11.962227
14731 11 12 14
-0.392390 0.341075 -0.854224 7.581101
12715 11 13 12
-0.949436 -0.265126 -0.168164 14.958298
13771 11 14 13
-0.858218 0.496853 -0.128834 15.061262
12779 11 15 12
-0.579212 0.345967 0.738120 14.954035
13803 11 15 13
-0.699445 0.638258 0.321564 18.879835
14827 11 15 14
-0.530876 0.706745 -0.467635 17.761703
15851 11 15 15
-0.570047 0.748458 -0.338905 14.237167
12811 11 16 12
-0.441299 0.541304 0.715712 17.985752
13835 11 16 13
-0.387923 -0.724182 0.570155 19.998781
15883 11 16 15
-0.752544 0.571036 -0.328018 19.153038
16907 11 16 16
-0.675887 0.473205 -0.565025 17.048550
17931 11 16 17
-0.338233 0.295070 -0.893606 11.054557
11819 11 17 11
-0.125804 -0.035451 0.991421 15.440497
12843 11 17 12
-0.158225 -0.914589 0.372145 18.830925
13867 11 17 13
0.672979 -0.736116 -0.072339 18.361591
15915 11 17 15
-0.828289 -0.224995 -0.513143 19.546371
11851 11 18 11
0.145216 -0.411443 0.899793 13.222570
14923 11 18 14
0.561130 0.126287 0.818037 19.673307
15947 11 18 15
-0.812172 0.014958 -0.583226 19.362486
17995 11 18 17
-0.207107 0.571766 -0.793845 15.174904
20043 11 18 19
-0.005521 0.995073 -0.098994 10.150904
14955 11 19 14
0.314549 -0.947436 -0.058513 18.706144
15979 11 19 15
-0.225314 -0.964592 -0.137094 18.074318
17003 11 19 16
0.532786 -0.531410 0.658592 18.473938
20075 11 19 19
0.805847 0.583090 0.103038 15.212602
21099 11 19 20
0.761361 0.470983 -0.445538 14.138427
12939 11 20 12
-0.533324 -0.563326 0.631055 14.769285
14987 11 20 14
-0.132240 -0.891286 -0.433731 15.718076
20107 11 20 19
0.970227 0.104373 -0.218556 16.566189
17067 11 21 16
0.159927 -0.173214 0.971813 17.714008
18091 11 21 17
0.855998 -0.432166 -0.283726 21.082926
20139 11 21 19
0.893720 -0.147893 -0.423546 16.549789
17099 11 22 16
0.223356 -0.232218 0.946671 16.019907
18123 11 22 17
0.679575 -0.629616 -0.376513 18.934563
20171 11 22 19
0.747852 -0.393187 -0.534903 15.139705
17131 11 23 16
0.422895 -0.435336 0.794760 13.937443
18155 11 23 17
0.612256 -0.761916 -0.211250 16.328226
19179 11 23 18
0.632450 -0.707708 -0.314891 14.353203
20203 11 23 19
0.621092 -0.609940 -0.492156 12.179521
18187 11 24 17
0.402856 -0.909392 -0.103502 10.119235
21323 11 26 20
0.774579 0.485131 0.405802 13.722558
21355 11 27 20
0.493051 -0.225761 0.840198 15.124806
22379 11 27 21
0.398959 0.142523 -0.905825 15.324292
21387 11 28 20
0.140476 -0.836953 0.528938 11.155870
8460 12 8 8
-0.470271 0.859506 0.200235 7.540990
8492 12 9 8
-0.648447 0.629205 0.428505 13.746008
9516 12 9 9
-0.477071 0.670892 -0.567721 12.868799
7500 12 10 7
-0.510414 0.275391 0.814639 11.638416
10572 12 10 10
-0.252983 0.634714 -0.730163 12.277016
13644 12 10 13
0.855041 0.518015 0.023773 9.175270
7532 12 11 7
-0.329669 -0.500101 0.800760 11.122564
10604 12 11 10
-0.818789 0.207874 -0.535138 14.420574
11628 12 11 11
-0.451581 0.616476 -0.645005 11.823782
12652 12 11 12
0.659394 0.717392 0.224827 10.837392
13676 12 11 13
0.944466 0.170475 -0.280931 11.098656
8588 12 12 8
0.317267 -0.622702 0.715251 11.407657
8620 12 13 8
0.177857 -0.667269 0.723270 7.080755
9644 12 13 9
0.063011 -0.752023 0.656118 12.017795
10668 12 13 10
-0.466511 -0.870647 -0.156015 13.759786
13836 12 16 13
-0.935483 0.264860 0.233926 15.592597
15884 12 16 15
-0.755736 0.595065 -0.273424 14.121423
11820 12 17 11
-0.603767 0.292601 0.741519 12.769967
14892 12 17 14
-0.763074 0.588510 -0.267157 18.518957
15916 12 17 15
-0.789668 -0.021629 -0.613154 16.275999
17964 12 17 17
-0.502786 0.326694 -0.800298 9.754674
14924 12 18 14
-0.613255 -0.174882 -0.770282 19.017832
17996 12 18 17
-0.474519 0.601393 -0.642773 12.719715
11884 12 19 11
-0.153227 -0.315231 0.936563 10.518987
12908 12 19 12
0.181472 -0.282499 0.941946 17.235720
13932 12 19 13
0.670716 -0.741311 0.024448 19.620409
17004 12 19 16
-0.458728 0.822664 0.335846 17.912523
12940 12 20 12
0.105781 -0.683981 0.721790 14.010392
13964 12 20 13
0.288549 -0.954048 0.080817 16.884598
17036 12 20 16
0.015131 0.062333 0.997941 19.124802
18060 12 20 17
-0.459296 0.888070 -0.019453 21.019079
19084 12 20 18
0.140081 0.972955 -0.183675 20.353899
21132 12 20 20
0.522407 0.279971 -0.805423 19.710215
22156 12 20 21
0.334107 0.261880 -0.905423 15.587048
13996 12 21 13
0.013691 -0.972818 0.231167 10.602394
15020 12 21 14
0.160738 -0.986222 0.039120 11.388603
16044 12 21 15
0.367326 -0.666562 0.648665 12.744110
17068 12 21 16
-0.098458 -0.225062 0.969357 18.370342
18092 12 21 17
-0.781455 -0.619697 -0.072828 21.837923
20140 12 21 19
0.724191 -0.680215 -0.113382 20.056967
22188 12 21 21
0.761329 -0.181347 -0.622488 15.581334
17100 12 22 16
-0.000964 -0.062942 0.998017 17.278511
18124 12 22 17
-0.335521 -0.727262 -0.598762 19.861153
21196 12 22 20
0.523009 -0.733414 -0.434242 15.068081
23244 12 22 22
0.814218 0.402654 -0.418234 13.253165
16108 12 23 15
0.300517 -0.213837 0.929496 9.541016
17132 12 23 16
0.161916 -0.476753 0.863996 16.284782
18156 12 23 17
-0.060596 -0.889858 -0.452196 17.788185
20204 12 23 19
0.478445 -0.451921 -0.752899 15.196125
23276 12 23 22
0.987876 0.143470 -0.059305 15.199168
24300 12 23 23
0.690482 0.249744 -0.678869 11.785626
18188 12 24 17
0.169552 -0.985323 0.019764 12.355382
20236 12 24 19
0.854551 -0.474088 -0.212091 12.850248
23308 12 24 22
0.977993 -0.194089 -0.076541 14.898670
24332 12 24 23
0.769390 -0.148883 -0.621186 12.269994
21292 12 25 20
0.635577 0.527385 0.563833 14.702435
22316 12 25 21
0.936548 0.239764 -0.255715 15.698726
24364 12 25 23
0.752173 -0.437117 -0.493117 9.878542
20300 12 26 19
0.299212 0.043028 0.953216 11.550386
21324 12 26 20
-0.168160 -0.008930 0.985719 16.142914
23372 12 26 22
0.538365 -0.251169 -0.804411 11.197361
20332 12 27 19
-0.026134 -0.353997 0.934881 10.722840
22380 12 27 21
-0.353111 -0.294996 -0.887857 15.482709
22412 12 28 21
0.007128 -0.958341 -0.285538 13.221516
23436 12 28 22
0.024684 -0.249763 -0.967992 8.533901
22444 12 29 21
0.261676 -0.962329 0.073811 7.785831
8493 13 9 8
-0.729104 0.628968 0.269826 8.463061
14637 13 9 14
0.616190 0.774916 -0.140768 9.518159
8525 13 10 8
-0.798759 0.359411 0.482502 12.137996
9549 13 10 9
-0.689814 0.676711 -0.257332 12.803584
13645 13 10 13
0.523890 0.759227 0.386151 13.174621
14669 13 10 14
0.822602 0.086093 -0.562062 12.533113
8557 13 11 8
-0.637510 -0.090304 0.765132 12.922648
12653 13 11 12
0.628533 0.439617 0.641626 13.620003
13677 13 11 13
0.933299 0.238668 -0.268309 15.066112
8589 13 12 8
-0.385333 -0.479576 0.788369 11.109503
9613 13 12 9
-0.471636 -0.851148 0.230447 14.308558
13709 13 12 13
0.867760 -0.395850 -0.300493 14.858042
14733 13 12 14
0.483654 -0.134437 -0.864873 11.692318
9645 13 13 9
-0.465201 -0.801018 0.376774 10.429955
10669 13 13 10
-0.624434 -0.780932 0.015078 11.568902
11693 13 13 11
0.621786 -0.782649 0.029035 11.404515
13741 13 13 13
0.775786 -0.605903 -0.176178 12.607471
14765 13 13 14
0.484375 -0.369208 -0.793137 9.905322
12749 13 14 12
0.906746 -0.089920 0.411979 11.025443
13773 13 14 13
0.969533 0.023973 -0.243785 11.617389
11757 13 15 11
0.333690 -0.639545 0.692556 7.147450
11821 13 17 11
-0.635307 0.467763 0.614478 8.758790
14893 13 17 14
-0.697230 0.648404 -0.305683 15.508411
15917 13 17 15
-0.630214 0.335321 -0.700278 12.890909
16941 13 17 16
-0.395960 0.780173 -0.484300 10.632597
12877 13 18 12
-0.508977 0.283866 0.812627 15.678687
13901 13 18 13
-0.886762 0.460643 0.038230 18.437586
12909 13 19 12
-0.509972 -0.117919 0.852070 15.814062
13933 13 19 13
-0.987435 0.024063 -0.156182 19.029057
17005 13 19 16
-0.005832 0.986300 -0.164856 17.237020
20077 13 19 19
-0.333481 0.942002 -0.037719 16.503023
12941 13 20 12
-0.292614 -0.487361 0.822713 13.617673
16013 13 20 15
-0.166364 -0.822186 0.544364 16.820789
19085 13 20 18
-0.516862 0.842398 0.152382 19.610020
22157 13 20 21
-0.024736 0.724027 -0.689328 16.170877
12973 13 21 12
-0.126004 -0.845995 0.518088 7.493066
15021 13 21 14
-0.230686 -0.954086 0.191059 11.358937
16045 13 21 15
-0.229817 -0.802404 0.550755 13.321527
20141 13 21 19
-0.259763 0.852430 -0.453747 20.887997
21165 13 21 20
-0.220726 -0.231733 -0.947407 19.795757
22189 13 21 21
0.099765 -0.101836 -0.989786 17.898758
23213 13 21 22
0.565521 0.464082 -0.681773 14.753698
21197 13 22 20
0.327678 -0.828849 -0.453472 17.322453
22221 13 22 21
0.510747 -0.712729 0.480785 16.831806
25293 13 22 24
0.763828 0.440707 -0.471533 11.713807
16109 13 23 15
-0.041008 -0.297961 0.953697 10.540846
17133 13 23 16
-0.278814 -0.536928 0.796223 15.724951
18157 13 23 17
-0.167342 -0.948426 -0.269229 16.924332
23277 13 23 22
-0.007508 0.408089 -0.912911 17.667826
25325 13 23 24
0.919809 0.109964 -0.376642 13.818135
26349 13 23 25
0.524302 0.164622 -0.835468 8.815378
17165 13 24 16
-0.064815 -0.884344 0.462314 10.772827
18189 13 24 17
0.092698 -0.942357 0.321513 13.175550
19213 13 24 18
0.424882 -0.515879 0.743871 15.606678
20237 13 24 19
0.872312 -0.032563 -0.487865 16.477652
22285 13 24 21
0.594230 0.438512 0.674238 18.086277
23309 13 24 22
-0.213802 -0.380051 -0.899916 17.589684
26381 13 24 25
0.522653 -0.294003 -0.800247 8.386296
20269 13 25 19
0.896046 -0.367790 0.248662 15.703505
22317 13 25 21
-0.324696 -0.919552 -0.221351 17.589069
24365 13 25 23
0.270120 -0.684407 -0.677216 13.532767
25389 13 25 24
0.372051 -0.664030 -0.648569 9.604583
20301 13 26 19
0.357981 -0.709155 0.607412 13.227375
23373 13 26 22
-0.283049 -0.783806 -0.552749 12.461831
22381 13 27 21
-0.905694 -0.205668 -0.370701 12.728126
21389 13 28 20
-0.517737 -0.645108 0.561946 9.905926
22413 13 28 21
-0.863129 -0.431992 -0.261515 11.381044
22445 13 29 21
-0.434403 -0.891828 0.126241 7.760851
23469 13 29 22
-0.313933 -0.520535 -0.794034 5.820742
14638 14 9 14
0.092464 0.991700 0.089337 12.169943
15662 14 9 15
0.180346 0.550445 -0.815160 9.186851
11598 14 10 11
0.597697 0.784943 0.163165 11.199563
12622 14 10 12
0.555550 0.701556 0.446300 13.082570
13646 14 10 13
0.491295 0.784001 0.379435 15.363596
14670 14 10 14
0.627886 0.436395 -0.644452 15.931781
15694 14 10 15
0.204549 -0.022541 -0.978597 11.115786
10606 14 11 10
-0.419005 0.862423 -0.284011 13.892063
11630 14 11 11
0.645833 0.588746 0.486085 13.480257
12654 14 11 12
0.340684 0.444420 0.828508 15.710837
14702 14 11 14
0.471095 -0.455365 -0.755455 15.089404
15726 14 11 15
0.272005 -0.230546 -0.934271 9.867085
9614 14 12 9
-0.632246 -0.545299 0.550376 11.627770
10638 14 12 10
-0.220489 -0.975375 -0.005291 12.859342
12686 14 12 12
0.387341 -0.270592 0.881332 16.311331
15758 14 12 15
0.234489 -0.288964 -0.928178 8.054402
12718 14 13 12
0.531381 -0.846056 0.042705 14.541925
11726 14 14 11
0.772449 -0.401667 0.491920 12.058723
13774 14 14 13
-0.026429 0.889043 -0.457060 13.634591
14798 14 14 14
0.271263 0.460552 -0.845168 11.640432
15822 14 14 15
0.408958 0.312284 -0.857457 7.514458
12782 14 15 12
0.528131 -0.734032 0.426937 11.965277
13806 14 15 13
0.533061 -0.846076 -0.000914 13.153840
14830 14 15 14
0.624705 -0.419679 -0.658493 11.802709
15854 14 15 15
0.497847 -0.092435 -0.862325 8.125019
16878 14 15 16
0.292207 0.089964 -0.952114 3.926689
14894 14 17 14
-0.635874 0.740573 -0.217291 13.091854
15918 14 17 15
-0.241793 0.746686 -0.619675 11.254610
18990 14 17 18
0.319948 0.713475 -0.623367 6.935250
12878 14 18 12
-0.543710 0.026112 0.838867 12.024137
16974 14 18 16
0.115289 0.964727 0.236664 15.006246
17998 14 18 17
0.320294 0.601791 -0.731614 14.123547
14958 14 19 14
0.012544 0.952971 -0.302802 17.326090
17006 14 19 16
-0.928956 0.057214 -0.365742 16.875994
23150 14 19 22
0.716397 0.490398 -0.496271 11.215990
12942 14 20 12
-0.570442 -0.306351 0.762066 9.368717
13966 14 20 13
-0.603689 -0.686072 0.406037 14.660732
22158 14 20 21
0.134859 0.849234 -0.510504 16.425419
18094 14 21 17
-0.372114 0.780855 0.501793 19.575603
21166 14 21 20
-0.520843 -0.039294 -0.852747 19.047434
22190 14 21 21
0.088476 -0.256116 -0.962588 17.740549
23214 14 21 22
0.523636 0.785433 -0.330001 17.212103
24238 14 21 23
0.382463 0.786148 -0.485483 14.996347
17102 14 22 16
0.416061 -0.006165 0.909316 17.401180
18126 14 22 17
0.812063 -0.334566 0.478141 20.331045
19150 14 22 18
-0.046864 -0.971406 -0.232754 20.301762
20174 14 22 19
-0.548647 -0.688387 -0.474457 19.933680
21198 14 22 20
-0.341666 -0.627953 -0.699242 17.536636
23246 14 22 22
0.972322 -0.181055 0.147679 18.257582
25294 14 22 24
0.249552 0.533813 -0.807940 15.743059
16110 14 23 15
-0.129813 -0.492178 0.860761 9.834022
18158 14 23 17
0.563294 -0.801154 0.202121 18.238382
21230 14 23 20
-0.416692 -0.043781 -0.907993 16.046513
23278 14 23 22
0.097699 -0.989063 -0.110497 17.568031
25326 14 23 24
0.114580 -0.067056 -0.991148 17.311180
17166 14 24 16
-0.073876 -0.783914 0.616458 10.165399
18190 14 24 17
0.144624 -0.904908 0.400282 13.828003
22286 14 24 21
-0.985927 0.078791 -0.147448 17.482262
25358 14 24 24
-0.246545 -0.746441 -0.618096 15.078138
26382 14 24 25
-0.317536 -0.341404 -0.884655 9.199222
19246 14 25 18
-0.413362 -0.495527 0.763927 13.090753
20270 14 25 19
-0.769043 -0.376446 0.516586 16.763840
22318 14 25 21
-0.515226 -0.765394 -0.385635 15.719076
20302 14 26 19
-0.420153 -0.844904 0.331071 13.257385
21326 14 26 20
-0.431147 -0.842368 -0.323308 13.016670
23374 14 26 22
-0.573820 -0.811086 -0.113443 9.348780
24398 14 26 23
-0.389396 -0.828243 -0.402970 7.712153
13615 15 9 13
0.057818 0.998000 -0.025544 10.984871
14639 15 9 14
-0.516574 0.843743 -0.145770 10.572332
15663 15 9 15
-0.553833 0.416835 -0.720776 7.844085
10575 15 10 10
0.119780 0.728603 0.674382 10.835979
11599 15 10 11
0.285738 0.819115 0.497397 12.979231
12623 15 10 12
0.111635 0.673657 0.730564 15.049970
13647 15 10 13
-0.235831 0.960610 -0.147011 16.345911
14671 15 10 14
-0.735116 0.341528 -0.585630 14.352083
15695 15 10 15
-0.585219 0.039610 -0.809907 9.233402
13679 15 11 13
-0.796943 -0.401978 -0.450883 17.256514
14703 15 11 14
-0.583624 -0.161546 -0.795793 14.727808
15727 15 11 15
-0.459019 -0.071128 -0.885575 9.033504
12687 15 12 12
-0.057245 0.391850 0.918246 16.438738
13711 15 12 13
0.016207 -0.631568 -0.775151 16.211636
15759 15 12 15
-0.212558 -0.168912 -0.962438 8.241952
12719 15 13 12
0.597094 -0.676854 -0.430520 15.929646
15791 15 13 15
-0.005017 -0.103714 -0.994594 7.188449
10703 15 14 10
0.470703 -0.287261 0.834218 12.577230
10735 15 15 10
0.298102 -0.612613 0.732011 9.259509
11759 15 15 11
0.503534 -0.746713 0.434596 13.205098
12783 15 15 12
0.552704 -0.822860 0.131988 14.329346
13807 15 15 13
-0.289713 -0.666358 -0.687047 14.049812
14831 15 15 14
-0.440754 -0.191274 -0.877012 12.534509
15855 15 15 15
-0.250136 -0.077707 -0.965088 8.941983
14895 15 17 14
-0.888601 0.456988 0.039374 10.709982
15919 15 17 15
-0.324320 0.916231 -0.235240 10.319028
12879 15 18 12
-0.434629 0.060114 0.898601 8.937522
13903 15 18 13
-0.627344 0.652654 0.424833 12.928948
15951 15 18 15
-0.350412 0.929913 0.111681 14.000972
16975 15 18 16
-0.455798 0.888190 -0.058021 14.170445
17999 15 18 17
-0.606626 0.602493 -0.518660 13.319415
23119 15 18 22
0.719543 0.667934 0.190057 12.394433
24143 15 18 23
0.678403 0.286874 -0.676368 10.005427
14959 15 19 14
-0.990858 -0.133797 0.017262 15.885161
15983 15 19 15
-0.893293 -0.423994 -0.149188 15.452929
19055 15 19 18
0.493983 0.855200 0.156884 13.889977
20079 15 19 19
0.133095 0.953374 -0.270858 13.728594
23151 15 19 22
0.942204 0.152997 -0.298066 14.635023
14991 15 20 14
-0.453076 -0.891117 0.025166 12.077748
17039 15 20 16
-0.573021 0.186896 0.797945 14.835710
18063 15 20 17
-0.703639 0.618571 -0.349660 15.177113
21135 15 20 20
-0.206448 0.970019 0.128226 17.073118
17071 15 21 16
-0.237361 0.653849 0.718429 16.461046
21167 15 21 20
0.069676 -0.990046 0.122284 18.425699
24239 15 21 23
0.041357 0.703806 -0.709187 16.226946
16079 15 22 15
0.014012 -0.242130 0.970143 12.430213
17103 15 22 16
-0.389657 -0.170113 0.905113 17.838352
18127 15 22 17
-0.790906 0.611100 -0.032003 19.564583
23247 15 22 22
0.219056 -0.890223 0.399397 19.290207
25295 15 22 24
-0.413568 0.268293 -0.870046 14.857351
26319 15 22 25
-0.287472 0.134962 -0.948232 6.779858
17135 15 23 16
-0.241702 -0.585126 0.774085 14.837338
18159 15 23 17
-0.164549 -0.797797 0.580037 19.310009
19183 15 23 18
-0.305375 -0.636109 -0.708598 18.631683
20207 15 23 19
-0.616373 -0.435597 -0.656003 16.435547
24303 15 23 23
-0.806146 -0.580091 -0.116721 18.328276
25327 15 23 24
-0.574643 -0.247041 -0.780228 14.757870
18191 15 24 17
-0.035748 -0.947859 0.316680 14.364069
21263 15 24 20
-0.990415 -0.035185 -0.133567 13.908019
23311 15 24 22
-0.797019 -0.476038 0.371684 14.410792
24335 15 24 23
-0.654352 -0.714087 -0.248802 15.020460
21295 15 25 20
-0.932826 -0.360028 -0.014707 12.576545
22319 15 25 21
-0.834808 -0.516039 -0.191831 11.360824
23343 15 25 22
-0.721081 -0.692851 -0.000104 10.827778
24367 15 25 23
-0.620991 -0.695566 -0.361328 9.593686
12592 16 9 12
0.487421 0.831326 0.267054 12.108526
10576 16 10 10
0.200672 0.696788 0.688634 12.104818
13648 16 10 13
-0.486764 0.399781 -0.776682 14.617907
11632 16 11 11
0.862201 0.496173 -0.102081 15.770981
12656 16 11 12
-0.699267 -0.694519 0.169320 15.748594
10640 16 12 10
0.254563 0.048965 0.965816 15.482579
11664 16 12 11
0.589699 0.626783 -0.509311 16.308184
10672 16 13 10
-0.111627 -0.238370 0.964738 15.139218
12720 16 13 12
-0.680278 -0.109890 -0.724670 16.561596
13744 16 13 13
-0.386789 -0.436376 -0.812386 14.742273
14768 16 13 14
-0.241008 -0.176600 -0.954321 11.659763
10704 16 14 10
-0.382646 -0.504665 0.773883 12.775834
15824 16 14 15
-0.357081 -0.025421 -0.933728 6.350220
10736 16 15 10
-0.449080 -0.594861 0.666684 8.482822
11760 16 15 11
-0.629737 -0.694957 0.347082 12.364901
12816 16 16 12
-0.527925 -0.831196 0.174381 8.659466
13840 16 16 13
-0.676372 -0.733273 -0.069503 9.042448
14864 16 16 14
-0.815687 -0.505625 -0.281068 8.143488
16944 16 17 16
0.198450 0.976780 -0.080733 10.315254
20016 16 17 19
0.288886 0.925366 -0.245446 7.247624
13904 16 18 13
-0.704009 0.657064 0.269514 9.386381
16976 16 18 16
0.446358 0.883415 -0.142623 13.789235
19024 16 18 18
0.435392 0.895506 0.092210 13.589621
20048 16 18 19
0.428276 0.784637 -0.448245 12.365999
22096 16 18 21
0.615138 0.634810 0.467569 14.130418
23120 16 18 22
0.563152 0.790686 0.240158 17.102314
24144 16 18 23
0.570258 0.314418 -0.758911 15.318349
13936 16 19 13
-0.641280 0.030066 0.766718 12.161230
14960 16 19 14
-0.952996 0.007722 -0.302885 12.602542
17008 16 19 16
0.367837 -0.376352 0.850327 14.141878
19056 16 19 18
0.863010 0.391557 0.319214 16.477549
20080 16 19 19
0.548912 0.502727 -0.667804 15.365464
22128 16 19 21
0.750651 0.310150 0.583379 17.153624
13968 16 20 13
-0.114223 -0.864713 0.489105 9.087185
17040 16 20 16
0.128119 0.342054 0.930905 14.205038
19088 16 20 18
0.926766 0.111540 0.358697 17.148123
20112 16 20 19
0.566138 0.734778 -0.373616 17.268587
23184 16 20 22
0.754606 0.314169 -0.576080 19.404425
24208 16 20 23
0.498775 0.140839 -0.855212 15.480049
19120 16 21 18
0.931199 0.255540 0.259939 17.753124
20144 16 21 19
0.600635 -0.766548 0.227248 18.332087
21168 16 21 20
-0.084031 -0.376025 0.922791 18.839449
22192 16 21 21
0.544002 -0.016159 0.838929 21.205059
23216 16 21 22
0.043878 0.098164 -0.994202 20.282133
16080 16 22 15
-0.107923 -0.547584 0.829762 11.859716
18128 16 22 17
0.372846 0.552298 0.745622 18.937126
19152 16 22 18
-0.215783 -0.205604 -0.954550 17.980402
20176 16 22 19
-0.448606 -0.795785 -0.406792 16.269924
23248 16 22 22
-0.112564 -0.906795 -0.406267 19.244335
24272 16 22 23
-0.446960 -0.006992 -0.894527 16.574337
18160 16 23 17
-0.592459 -0.655138 0.468813 17.840961
21232 16 23 20
-0.575829 -0.743426 -0.340204 11.192657
23280 16 23 22
-0.178704 -0.901110 0.395052 14.825422
18192 16 24 17
-0.451093 -0.860879 0.235377 12.423888
20240 16 24 19
-0.686981 -0.704590 -0.177793 9.372650
11537 17 8 11
0.640353 0.228124 0.733422 11.267874
12561 17 8 12
0.935969 0.352019 -0.006725 13.921536
13585 17 8 13
0.533474 0.476107 -0.699090 11.795180
13617 17 9 13
0.287532 0.073772 -0.954926 13.104882
10577 17 10 10
-0.639768 0.456974 0.617958 10.907699
11601 17 10 11
-0.880053 0.326971 0.344378 13.143233
13649 17 10 13
-0.488253 -0.240346 -0.838953 12.668380
10609 17 11 10
-0.876456 0.114020 0.467787 12.601727
11633 17 11 11
-0.999592 -0.028385 -0.003297 13.792868
12657 17 11 12
-0.912055 -0.348354 -0.216346 13.214231
13681 17 11 13
-0.690507 -0.380013 -0.615459 10.778077
10641 17 12 10
-0.907310 -0.051706 0.417272 12.747078
11665 17 12 11
-0.981480 -0.056839 -0.182941 13.173762
11729 17 14 11
-0.759232 -0.537174 0.367438 12.233463
12753 17 14 12
-0.845231 -0.477586 -0.239785 12.973851
13777 17 14 13
-0.588956 -0.510836 -0.626240 10.933399
14801 17 14 14
-0.303531 -0.644567 -0.701714 8.486582
15825 17 14 15
0.286386 -0.436603 -0.852855 5.551696
16945 17 17 16
-0.049183 0.998405 0.027732 10.693517
17969 17 17 17
0.180300 0.964966 -0.190609 9.731052
16977 17 18 16
0.220378 0.954926 0.198872 14.776675
19025 17 18 18
-0.238134 0.964550 0.113739 14.120835
22097 17 18 21
0.160293 0.926673 0.339977 17.119762
24145 17 18 23
0.126779 0.589330 -0.797883 17.428196
17009 17 19 16
0.514903 -0.275605 0.811737 15.397439
19057 17 19 18
-0.764912 0.632339 0.122711 17.000162
22129 17 19 21
0.115978 0.597997 0.793063 19.739422
13969 17 20 13
-0.703605 -0.550622 0.449172 6.776804
14993 17 20 14
-0.848181 -0.495533 0.187182 7.955510
18065 17 20 17
-0.243393 0.665753 0.705360 17.604572
19089 17 20 18
-0.994328 0.076867 -0.073508 18.001150
24209 17 20 23
0.031435 -0.278724 -0.959857 17.359924
25233 17 20 24
0.205771 0.131177 -0.969768 11.215755
18097 17 21 17
-0.995934 -0.002748 -0.090043 18.270037
20145 17 21 19
-0.753054 -0.656788 -0.039227 16.489798
22193 17 21 21
-0.818730 -0.269390 0.507060 20.260824
25265 17 21 24
0.212834 -0.029504 -0.976643 11.910030
16081 17 22 15
-0.104596 -0.646779 0.755471 11.196797
18129 17 22 17
-0.868548 -0.488035 -0.086289 16.778229
22225 17 22 21
-0.149143 -0.746197 0.648804 17.855358
25297 17 22 24
0.034063 -0.323557 -0.945595 10.491255
18161 17 23 17
-0.828278 -0.555357 0.074395 12.379118
24305 17 23 23
0.052182 -0.675852 -0.735187 13.994275
12498 18 6 12
0.155571 0.938822 -0.307264 6.504415
11506 18 7 11
0.438802 0.676392 0.591563 12.316562
12530 18 7 12
0.031319 0.872897 -0.486898 12.496395
11538 18 8 11
0.344724 0.068209 0.936223 14.550781
12562 18 8 12
-0.321386 0.375609 -0.869269 15.269906
14610 18 8 14
0.180201 0.285763 -0.941205 8.505424
11570 18 9 11
0.139961 -0.667938 0.730937 12.955980
16754 18 11 16
0.487712 0.828530 -0.275091 9.795517
14738 18 12 14
0.787631 0.326105 0.522774 11.248050
15762 18 12 15
0.977143 0.041041 0.208583 13.458313
16786 18 12 16
0.975038 0.039785 -0.218447 13.409018
17810 18 12 17
0.861140 0.137755 -0.489348 10.742763
18834 18 12 18
0.785366 0.141708 -0.602594 6.999207
17842 18 13 17
0.773174 -0.463461 -0.432904 8.798910
12786 18 15 12
-0.368873 -0.756454 0.540102 7.183461
23026 18 15 22
0.758367 0.319494 -0.568158 9.767323
14866 18 16 14
0.975667 0.058851 0.211211 8.830929
15890 18 16 15
0.933195 0.318679 -0.166104 8.673357
19986 18 16 19
0.851184 0.515488 -0.098783 9.164233
23058 18 16 22
0.877386 0.453746 -0.155913 11.210412
14898 18 17 14
0.755601 -0.445652 0.480064 7.645259
18994 18 17 18
0.841322 0.511582 0.174530 13.067249
21042 18 17 20
0.512723 0.840332 0.175947 12.213465
23090 18 17 22
0.552689 0.831917 0.049496 14.702359
16978 18 18 16
0.082289 0.979252 0.185189 14.951395
21074 18 18 20
0.156711 0.701151 0.695578 15.680645
24146 18 18 23
0.013417 0.738403 -0.674226 17.612652
25170 18 18 24
0.586212 0.230132 -0.776785 14.627811
26194 18 18 25
0.751319 0.226466 -0.619865 9.682419
15986 18 19 15
-0.010091 -0.281526 0.959500 11.079529
17010 18 19 16
0.094268 -0.610928 0.786054 16.136959
18034 18 19 17
-0.184098 0.420943 -0.888209 15.612105
20082 18 19 19
-0.570117 0.565797 0.595685 15.201429
21106 18 19 20
-0.634688 0.470021 0.613393 16.876806
25202 18 19 24
0.349592 -0.465072 -0.813323 13.385533
19090 18 20 18
-0.959350 -0.051527 0.277475 15.591484
20114 18 20 19
-0.437922 0.427441 0.790897 16.585007
21138 18 20 20
-0.261510 0.503176 0.823666 18.738092
22162 18 20 21
-0.684283 0.366246 0.630571 20.223684
23186 18 20 22
-0.118621 -0.739008 -0.663171 19.366295
21170 18 21 20
0.490287 -0.702227 0.516233 18.029776
25266 18 21 24
0.007239 0.038239 -0.999242 12.493036
16082 18 22 15
-0.462731 -0.606805 0.646273 9.245171
17106 18 22 16
-0.698174 -0.713551 -0.058283 11.321902
23250 18 22 22
-0.684341 0.400397 -0.609392 17.721266
24306 18 23 23
-0.341020 -0.593146 -0.729303 13.093228
21266 18 24 20
0.204497 -0.799343 0.565005 6.689973
22290 18 24 21
0.118548 -0.962597 0.243624 9.489056
11475 19 6 11
-0.174314 0.980354 0.092302 7.545211
10483 19 7 10
-0.052057 0.209800 0.976357 7.867805
11507 19 7 11
-0.419576 0.800329 0.428287 12.638826
11539 19 8 11
-0.555789 0.207767 0.804942 14.261460
14611 19 8 14
0.102195 0.025472 -0.994438 9.433393
11571 19 9 11
-0.092225 -0.752847 0.651703 13.179152
13619 19 9 13
0.042576 -0.693091 -0.719591 12.534529
14707 19 11 14
0.210245 0.917770 0.336892 9.836769
14739 19 12 14
0.536886 0.683798 0.494139 15.332494
15763 19 12 15
0.524648 0.794811 0.304991 16.766268
17811 19 12 17
0.215862 0.458017 -0.862336 14.056164
18835 19 12 18
0.446845 0.429121 -0.784974 10.318999
19859 19 12 19
0.740936 0.497431 -0.451195 7.329205
14771 19 13 14
0.975571 0.043869 0.215258 17.126097
16819 19 13 16
0.775285 -0.359632 -0.519229 17.181923
17843 19 13 17
0.431922 -0.455363 -0.778517 13.332503
14803 19 14 14
0.838437 -0.541468 0.061941 15.834878
15827 19 14 15
0.813103 -0.580636 -0.041532 15.864536
16851 19 14 16
0.683451 -0.555192 -0.473979 14.460001
21971 19 14 21
0.746274 0.531433 -0.400817 16.033092
19955 19 15 19
0.881506 0.190100 0.432214 13.897317
20979 19 15 20
0.943943 -0.106672 0.312398 16.705427
22003 19 15 21
0.883506 -0.280443 -0.375192 16.908182
14867 19 16 14
0.993208 -0.037584 -0.110117 13.962368
15891 19 16 15
0.991544 0.085452 -0.097663 12.952116
16915 19 16 16
0.954877 0.191510 0.227009 13.805467
25107 19 16 24
0.745303 0.639229 -0.189501 11.444833
14899 19 17 14
0.640187 -0.740690 0.203811 11.744426
16947 19 17 16
0.955052 0.104439 0.277431 14.011781
18995 19 17 18
0.601703 0.703747 0.377748 16.497938
20019 19 17 19
0.665123 0.602575 -0.441038 15.971333
24115 19 17 23
0.673465 0.722748 -0.155179 16.387999
16979 19 18 16
0.466455 0.863019 0.193953 15.969388
19027 19 18 18
0.871129 -0.280990 0.402714 17.145386
20051 19 18 19
0.927422 -0.224026 -0.299499 17.175983
22099 19 18 21
0.584580 -0.048957 0.809858 18.096380
23123 19 18 22
-0.364532 0.281643 -0.887577 18.098988
25171 19 18 24
0.722082 0.447330 -0.527725 16.925241
26195 19 18 25
0.605630 0.545847 -0.579019 14.898157
17011 19 19 16
0.094274 -0.876381 0.472301 16.474539
23155 19 19 22
-0.739921 0.561759 -0.370059 18.819044
24179 19 19 23
-0.380774 -0.318933 -0.867925 16.751265
25203 19 19 24
0.513420 -0.851608 -0.105664 15.393741
26227 19 19 25
0.801575 -0.540982 -0.254589 14.666766
27251 19 19 26
0.732344 -0.292051 -0.615125 10.985408
19091 19 20 18
0.736225 -0.370896 0.566047 15.329347
22163 19 20 21
-0.576617 0.563520 0.591572 19.223038
23187 19 20 22
-0.258790 -0.476449 -0.840252 19.148870
21171 19 21 20
-0.097844 0.195963 0.975718 19.318346
22195 19 21 21
0.024659 -0.662002 -0.749097 19.264622
25267 19 21 24
0.330833 0.075969 -0.940626 13.165364
17107 19 22 16
-0.733256 -0.672929 0.097479 6.359901
19155 19 22 18
0.352441 -0.679362 0.643625 11.689889
20179 19 22 19
0.362394 -0.786277 0.500439 15.290747
21203 19 22 20
0.315701 -0.923361 0.218490 17.128506
20211 19 23 19
0.082608 -0.906412 0.414238 9.373468
21235 19 23 20
-0.126614 -0.911229 0.391958 12.015179
23283 19 23 22
-0.520256 -0.771697 -0.365811 13.780310
24307 19 23 23
-0.295859 -0.763287 -0.574335 10.114536
21267 19 24 20
-0.346264 -0.858739 0.377714 6.219125
11508 20 7 11
-0.366654 0.772539 0.518410 10.788614
12532 20 7 12
0.007123 0.995487 0.094630 11.863103
13556 20 7 13
-0.081393 0.914857 -0.395490 11.282521
13588 20 8 13
0.169138 0.363770 -0.916004 14.408270
11572 20 9 11
-0.095739 -0.401955 0.910640 12.570430
13620 20 9 13
0.175005 -0.658088 -0.732321 13.104600
16756 20 11 16
0.271342 0.960170 -0.066687 13.489249
17780 20 11 17
0.577748 0.773445 -0.260749 12.228474
14740 20 12 14
0.182197 0.861496 0.473950 17.139677
15764 20 12 15
0.313705 0.920158 0.234304 17.908516
16788 20 12 16
0.370894 0.825438 -0.425547 17.898970
12724 20 13 12
0.497653 0.506017 0.704477 12.511942
13748 20 13 13
0.087778 0.613321 0.784941 16.753016
16820 20 13 16
0.464252 -0.375624 -0.802108 18.592014
17844 20 13 17
0.653537 -0.194626 -0.731444 15.735048
19892 20 13 19
0.832299 0.477063 0.282293 14.604788
20916 20 13 20
0.612691 0.776836 0.145384 15.907104
21940 20 13 21
0.182562 0.736957 -0.650819 14.083982
12756 20 14 12
0.525414 -0.041300 0.849844 14.506002
13780 20 14 13
0.452479 -0.697562 -0.555581 17.455034
16852 20 14 16
0.291288 -0.697800 -0.654390 16.814842
18900 20 14 18
0.925219 0.233582 0.299015 14.949020
19924 20 14 19
0.825129 0.365185 0.431048 16.365051
12788 20 15 12
0.423680 -0.289231 0.858394 12.729734
13812 20 15 13
0.957406 -0.112319 0.266003 17.057743
15860 20 15 15
0.710622 -0.692572 0.123935 15.786149
23028 20 15 22
0.468422 0.382514 -0.796407 16.226175
24052 20 15 23
0.417240 0.772270 -0.479071 11.206359
13844 20 16 13
0.513327 -0.494622 0.701316 16.303766
16916 20 16 16
0.747806 0.265864 0.608360 17.502699
17940 20 16 17
0.657649 -0.040291 -0.752246 17.291870
18964 20 16 18
0.709997 0.391780 0.585161 16.515676
19988 20 16 19
0.704204 -0.034492 0.709159 17.676212
21012 20 16 20
0.761254 -0.532878 0.369504 18.909807
22036 20 16 21
0.992286 -0.111881 0.053391 19.791597
23060 20 16 22
0.749864 0.440919 -0.493249 18.527754
24084 20 16 23
0.524892 0.821142 -0.224086 16.405767
25108 20 16 24
0.501822 0.862970 -0.058802 16.033625
26132 20 16 25
0.578322 0.692230 -0.431695 14.549328
27156 20 16 26
0.532259 0.583717 -0.613167 10.390572
13876 20 17 13
0.362403 -0.698586 0.616962 12.421273
16948 20 17 16
0.896408 -0.414813 0.156147 16.847481
23092 20 17 22
0.917456 -0.210760 -0.337423 19.674246
24116 20 17 23
0.923794 0.021003 -0.382314 18.633881
27188 20 17 26
0.718073 -0.009627 -0.695901 12.341215
15956 20 18 15
0.746288 0.211982 0.630966 16.353264
18004 20 18 17
-0.229035 0.901609 0.366939 16.622496
20052 20 18 19
-0.619880 0.729698 -0.288600 18.611319
21076 20 18 20
0.272785 0.959347 0.072406 18.321379
25172 20 18 24
-0.021078 0.608249 -0.793467 17.544653
15988 20 19 15
0.247226 -0.832315 0.496116 14.111055
18036 20 19 17
-0.516281 -0.569268 0.639834 16.686728
19060 20 19 18
0.357144 0.084110 0.930254 18.417164
20084 20 19 19
0.836406 -0.292610 -0.463470 18.462898
21108 20 19 20
0.588753 -0.704733 -0.395881 17.405802
25204 20 19 24
0.405989 -0.510011 0.758328 17.306450
26228 20 19 25
0.724668 -0.171221 -0.667487 18.143917
27252 20 19 26
0.277874 -0.076699 -0.957551 15.329692
28276 20 19 27
0.282409 -0.113525 -0.952553 8.430936
19092 20 20 18
0.786554 -0.243512 0.567481 18.111872
20116 20 20 19
0.941328 -0.011755 -0.337287 18.204990
23188 20 20 22
-0.893675 0.347356 -0.284058 17.621561
24212 20 20 23
0.329769 0.497235 -0.802502 16.387245
26260 20 20 25
0.883925 -0.460264 -0.082664 16.521034
22196 20 21 21
-0.643065 0.021508 -0.765510 18.707794
26292 20 21 25
0.966635 -0.250535 0.053375 15.081201
27316 20 21 26
0.780571 0.225352 -0.583031 13.499100
19156 20 22 18
-0.249936 -0.902303 0.351256 12.055853
21204 20 22 20
-0.341356 -0.881077 0.327383 16.359829
22228 20 22 21
-0.298222 -0.915467 -0.270157 16.809288
24276 20 22 23
0.196458 -0.962819 -0.185431 15.935591
27348 20 22 26
0.999760 -0.020522 -0.007721 14.665720
29396 20 22 28
0.577556 0.542021 -0.610444 9.615493
23284 20 23 22
-0.383434 -0.908554 -0.165856 10.846574
27380 20 23 26
0.754870 -0.595937 0.273918 12.286185
28404 20 23 27
0.832726 -0.548507 -0.075543 13.210291
29428 20 23 28
0.658069 -0.395556 -0.640687 10.565040
11509 21 7 11
-0.461125 0.701729 0.543084 8.692177
12533 21 7 12
-0.388502 0.918227 0.076979 10.658813
11541 21 8 11
-0.408871 0.254000 0.876532 11.384946
11573 21 9 11
-0.099518 0.127862 0.986787 12.296028
12597 21 9 12
0.425322 -0.054429 0.903404 15.561580
13621 21 9 13
0.246964 -0.490211 -0.835884 14.255647
11605 21 10 11
0.338833 -0.293136 0.894015 11.902987
12629 21 10 12
0.859499 -0.464201 -0.213960 14.604651
18773 21 10 18
0.710304 0.601636 0.365380 13.645262
19797 21 10 19
0.877321 0.434895 -0.202913 14.471325
20821 21 10 20
0.696011 0.291474 -0.656210 10.823061
12661 21 11 12
0.877591 -0.382656 0.288804 12.465203
17781 21 11 17
0.382804 0.877506 0.288866 15.045053
18805 21 11 18
0.914450 0.352677 0.198496 16.325506
19829 21 11 19
0.894064 0.095675 -0.437603 15.803335
13717 21 12 13
0.241386 0.603675 0.759809 14.885501
14741 21 12 14
-0.593696 0.744627 0.305050 16.493002
15765 21 12 15
-0.759650 0.625656 0.177444 16.924112
19861 21 12 19
0.948919 0.016328 -0.315098 16.068468
20885 21 12 20
0.752891 0.540265 -0.375857 15.190716
21909 21 12 21
0.550836 0.306568 -0.776270 12.158806
11701 21 13 11
0.184491 0.150935 0.971175 9.398488
12725 21 13 12
0.047591 0.596092 0.801505 14.466664
14773 21 13 14
0.020303 -0.571350 0.820456 17.029831
15797 21 13 15
-0.636781 0.197786 0.745245 17.902859
17845 21 13 17
0.856516 -0.399994 -0.326169 19.131208
20917 21 13 20
-0.448980 0.873532 -0.188040 16.684669
12757 21 14 12
-0.342415 -0.052210 0.938097 15.411202
15829 21 14 15
0.234597 -0.791013 0.565032 17.560961
18901 21 14 18
0.991975 -0.105023 0.070398 17.928352
19925 21 14 19
0.696732 0.644201 0.315546 17.934185
21973 21 14 21
-0.389982 0.761041 -0.518392 18.144785
22997 21 14 22
-0.013363 0.678361 -0.734607 13.619051
12789 21 15 12
0.000307 -0.243571 0.969883 14.394823
15861 21 15 15
0.479941 -0.650220 0.588957 16.640575
17909 21 15 17
0.861367 0.456226 -0.223393 17.410980
22005 21 15 21
-0.932033 0.019883 -0.361828 19.833803
23029 21 15 22
-0.326056 0.349296 -0.878453 17.100191
26101 21 15 25
-0.213331 0.922449 -0.321834 7.836568
13845 21 16 13
0.067331 -0.797961 0.598937 17.108589
16917 21 16 16
-0.220649 0.399795 0.889651 18.239140
17941 21 16 17
-0.071137 -0.242485 -0.967544 17.507561
21013 21 16 20
-0.697095 -0.180451 0.693900 19.362753
23061 21 16 22
-0.441667 0.712156 -0.545678 19.354017
25109 21 16 24
-0.394403 0.916742 0.063491 16.278044
26133 21 16 25
-0.326768 0.889783 -0.318604 15.621754
27157 21 16 26
-0.179559 0.827928 -0.531314 12.214338
28181 21 16 27
-0.015891 0.644872 -0.764126 7.038315
13877 21 17 13
0.113827 -0.641804 0.758374 14.234016
16949 21 17 16
0.332983 -0.920538 0.204283 18.009750
20021 21 17 19
-0.157089 -0.867888 0.471267 17.902655
22069 21 17 21
-0.363497 -0.590362 0.720654 20.362343
23093 21 17 22
-0.384961 -0.700001 -0.601501 20.886576
24117 21 17 23
-0.640862 -0.344695 -0.685916 18.814993
26165 21 17 25
0.257419 -0.617120 -0.743571 17.922600
27189 21 17 26
0.097165 -0.111006 -0.989058 15.443930
28213 21 17 27
0.128929 0.052304 -0.990273 9.726859
14933 21 18 14
0.120602 0.071546 0.990119 16.344995
15957 21 18 15
-0.978196 -0.198511 0.061043 17.378536
16981 21 18 16
-0.528597 -0.742489 -0.411455 16.722330
18005 21 18 17
-0.510107 -0.859863 0.020623 15.892487
19029 21 18 18
-0.818786 -0.446434 0.360951 16.569706
21077 21 18 20
-0.957687 -0.279341 0.069318 15.999590
22101 21 18 21
-0.661820 -0.746104 0.072961 16.701618
24149 21 18 23
-0.588940 -0.793711 0.152222 15.659971
14965 21 19 14
0.064231 -0.964523 0.256067 13.361539
15989 21 19 15
-0.409408 -0.909303 -0.074520 13.739544
17013 21 19 16
-0.631425 -0.771907 -0.073904 12.968303
21109 21 19 20
-0.991247 0.062979 -0.116032 15.566396
22133 21 19 21
-0.937103 -0.075469 -0.340797 14.675537
25205 21 19 24
-0.909142 0.121629 0.398332 16.001793
28277 21 19 27
-0.034731 -0.071020 -0.996870 9.447984
19093 21 20 18
-0.930491 0.184494 0.316463 16.834330
20117 21 20 19
-0.964057 0.265663 -0.004098 17.757029
24213 21 20 23
-0.647128 0.595189 0.476419 15.895632
26261 21 20 25
-0.960308 -0.079956 -0.267237 16.385624
18101 21 21 17
-0.388729 -0.529106 0.754279 13.416399
19125 21 21 18
-0.724678 -0.675442 0.136452 15.622997
20149 21 21 19
-0.664270 -0.675118 0.320876 16.892534
21173 21 21 20
-0.949751 -0.312307 0.020937 18.180897
26293 21 21 25
-0.935597 -0.229976 -0.267898 15.932202
27317 21 21 26
-0.559507 0.537779 -0.630671 15.004107
22229 21 22 21
-0.647811 -0.708715 -0.279399 13.972979
24277 21 22 23
-0.465015 -0.762941 0.449091 15.450812
28373 21 22 27
-0.142698 0.762455 -0.631109 15.915535
24309 21 23 23
-0.237377 -0.957075 0.166311 8.734249
25333 21 23 24
-0.015119 -0.989547 0.143413 9.683985
26357 21 23 25
-0.048896 -0.832859 0.551321 11.861183
28405 21 23 27
-0.382385 -0.904843 -0.187194 14.906591
29429 21 23 28
-0.297580 -0.582307 -0.756548 11.994216
30453 21 23 29
-0.140467 -0.279494 -0.949817 5.936289
27413 21 24 26
-0.102482 -0.986294 0.129309 8.377416
28437 21 24 27
-0.220335 -0.962877 -0.155947 8.163008
12566 22 8 12
-0.108477 0.663735 0.740060 13.671157
13590 22 8 13
0.246945 0.815352 -0.523659 14.459150
13622 22 9 13
0.175409 -0.377470 -0.909257 15.076642
19766 22 9 19
0.306837 0.934552 0.180177 13.611555
20790 22 9 20
0.465492 0.665506 -0.583454 12.016489
11606 22 10 11
-0.080651 -0.117725 0.989766 12.787713
14678 22 10 14
0.475055 0.794665 -0.377928 13.667296
15702 22 10 15
0.022498 0.947176 -0.319925 12.001070
16726 22 10 16
-0.006246 0.997323 -0.072861 10.837289
17750 22 10 17
0.000930 0.835313 0.549774 12.132755
18774 22 10 18
0.103770 0.623487 0.774916 16.562090
19798 22 10 19
0.741889 0.375410 -0.555579 18.372034
12662 22 11 12
0.092429 -0.725332 0.682165 14.899153
13686 22 11 13
0.966501 -0.247340 -0.068546 15.877788
14710 22 11 14
0.815322 -0.108875 -0.568679 15.331334
15734 22 11 15
0.509024 0.681614 -0.525640 14.515741
21878 22 11 21
0.604573 0.569008 -0.557424 14.070655
16790 22 12 16
0.089097 0.687005 0.721170 17.818325
17814 22 12 17
-0.458875 0.888493 0.003683 19.427877
18838 22 12 18
-0.728960 -0.044579 -0.683103 18.339699
19862 22 12 19
0.021332 -0.903667 -0.427704 17.204672
20886 22 12 20
0.782227 -0.591217 -0.196428 16.976593
21910 22 12 21
0.295661 -0.393455 -0.870504 14.811591
11702 22 13 11
-0.232141 0.003147 0.972677 8.986846
12726 22 13 12
0.038812 0.162146 0.986003 14.326596
13750 22 13 13
0.745265 0.176587 0.642960 16.724207
14774 22 13 14
0.624643 0.773980 0.103809 17.886900
16822 22 13 16
-0.555887 -0.630818 0.541348 17.863892
17846 22 13 17
-0.767213 -0.640248 -0.038301 19.391340
14806 22 14 14
0.663349 -0.524949 0.533289 17.721445
15830 22 14 15
-0.338365 -0.260032 -0.904374 17.387505
18902 22 14 18
-0.923460 0.096088 -0.371467 17.612846
19926 22 14 19
-0.682845 0.714042 0.154485 17.401566
20950 22 14 20
-0.656178 0.671973 -0.343341 17.128405
22998 22 14 22
-0.175908 0.803111 -0.569271 12.686067
24022 22 14 23
-0.068281 0.666776 -0.742124 7.851878
12790 22 15 12
-0.064756 -0.062258 0.995957 14.131216
13814 22 15 13
-0.109437 0.758118 -0.642869 16.557100
15862 22 15 15
-0.679292 -0.553817 -0.481507 16.199503
17910 22 15 17
-0.858563 0.323502 0.397764 17.643591
20982 22 15 20
-0.836995 -0.172376 -0.519351 18.067471
24054 22 15 23
-0.175880 0.511356 -0.841178 11.708353
12822 22 16 12
-0.062778 -0.402529 0.913252 12.271765
13846 22 16 13
-0.653643 -0.756669 -0.014271 16.406343
14870 22 16 14
-0.760081 -0.533484 -0.371041 15.051402
15894 22 16 15
-0.916409 -0.330985 0.225041 14.805257
17942 22 16 17
0.316787 0.027958 -0.948085 17.806580
21014 22 16 20
-0.717527 0.219074 -0.661182 18.019058
13878 22 17 13
-0.593513 -0.707694 0.383290 12.615252
16950 22 17 16
-0.303039 -0.168009 0.938051 17.624388
17974 22 17 17
0.571982 -0.235339 -0.785781 17.701708
20022 22 17 19
0.265950 -0.928345 0.259705 17.950729
22070 22 17 21
-0.394679 -0.653063 0.646326 18.347429
23094 22 17 22
-0.505686 -0.690576 -0.517095 18.967455
24118 22 17 23
-0.686920 -0.468376 -0.555666 16.533825
25142 22 17 24
-0.995365 0.093878 -0.020850 15.591473
26166 22 17 25
-0.927965 0.252919 -0.273703 14.728642
27190 22 17 26
-0.877087 0.216753 -0.428645 11.850552
28214 22 17 27
-0.669703 0.167693 -0.723448 7.463548
14934 22 18 14
-0.993524 -0.086785 0.073344 12.141406
20054 22 18 19
-0.012983 -0.886443 -0.462656 14.676943
25174 22 18 24
-0.772760 -0.512548 0.374349 13.788036
26198 22 18 25
-0.896674 -0.356521 -0.262428 14.389813
28246 22 18 27
-0.604558 -0.024517 -0.796183 7.689713
13942 22 19 13
-0.683937 -0.454537 0.570637 7.955441
14966 22 19 14
-0.810702 -0.583566 -0.047052 9.692234
26230 22 19 25
-0.938896 -0.338219 -0.063889 12.492210
27254 22 19 26
-0.898637 -0.156030 -0.410009 11.430103
28278 22 19 27
-0.561167 -0.069935 -0.824743 7.479420
22166 22 20 21
-0.989630 0.061076 -0.130008 10.223124
25238 22 20 24
-0.950301 0.304818 -0.063349 12.848207
27286 22 20 26
-0.955921 -0.114869 -0.270222 10.371234
17078 22 21 16
-0.594856 -0.301658 0.745083 5.401302
18102 22 21 17
-0.928632 -0.331298 0.166984 8.434721
21174 22 21 20
-0.998040 -0.046590 0.041788 11.579832
25270 22 21 24
-0.978063 0.068336 -0.196780 14.333714
25302 22 22 24
-0.830865 -0.556474 0.000383 12.733756
27350 22 22 26
-0.860066 0.279626 0.426726 14.052922
28374 22 22 27
-0.695080 0.470462 -0.543626 14.049857
29398 22 22 28
-0.336210 0.369652 -0.866210 9.815783
27382 22 23 26
-0.534339 -0.818787 0.209928 12.152665
13559 23 7 13
0.668365 0.735616 -0.110260 12.891721
12567 23 8 12
0.397832 0.212290 0.892560 14.315795
14615 23 8 14
0.234199 0.138796 -0.962230 11.727139
20759 23 8 20
-0.086531 0.978441 -0.187526 6.874621
14647 23 9 14
-0.048140 0.001894 -0.998839 11.782703
20791 23 9 20
-0.195545 0.773941 -0.602311 13.395277
11607 23 10 11
-0.407151 -0.204730 0.890120 10.789088
12631 23 10 12
-0.735516 -0.045054 0.676008 15.820952
18775 23 10 18
-0.483551 0.536674 0.691491 15.017244
19799 23 10 19
-0.909213 0.413860 -0.045300 18.011087
22871 23 10 22
0.146109 0.595109 -0.790251 7.135036
12663 23 11 12
-0.511885 -0.536653 0.670804 13.360468
13687 23 11 13
-0.886470 -0.458199 0.065002 15.728967
14711 23 11 14
-0.861046 0.330682 -0.386328 14.930832
17783 23 11 17
-0.774672 0.621449 -0.116980 14.608469
18807 23 11 18
-0.789570 -0.296673 0.537183 15.876852
19831 23 11 19
-0.757656 -0.650684 -0.050678 17.243622
21879 23 11 21
0.176066 0.744782 -0.643662 16.268860
22903 23 11 22
0.163614 0.159805 -0.973495 10.367828
16791 23 12 16
-0.689736 -0.135225 -0.711322 17.820152
17815 23 12 17
-0.903485 -0.009921 -0.428505 15.682355
19863 23 12 19
-0.611488 -0.355244 0.707025 16.210638
20887 23 12 20
0.050369 -0.924177 0.378629 17.786283
12727 23 13 12
-0.150825 0.270778 0.950753 14.383596
13751 23 13 13
-0.065139 0.571518 0.818000 18.333889
15799 23 13 15
-0.212595 -0.426188 -0.879299 16.946331
12759 23 14 12
-0.203118 -0.258154 0.944510 14.238519
14807 23 14 14
-0.559795 -0.828625 -0.003198 18.336071
15831 23 14 15
-0.465696 -0.267908 -0.843417 15.397590
22999 23 14 22
-0.109186 0.738391 -0.665475 11.902218
12791 23 15 12
-0.486363 -0.250643 0.837036 12.511855
13815 23 15 13
-0.930949 -0.352498 0.095282 15.131324
15863 23 15 15
-0.631096 -0.438119 -0.640132 13.338132
17911 23 15 17
-0.693442 0.438032 0.572072 14.995804
19959 23 15 19
-0.654086 0.639691 0.403691 16.807924
23031 23 15 22
-0.332749 0.375812 -0.864895 14.713975
24055 23 15 23
-0.405723 0.395652 -0.823923 9.854240
13847 23 16 13
-0.793771 -0.608129 -0.010281 13.525442
17943 23 16 17
-0.424479 0.776535 0.465629 17.700844
19991 23 16 19
0.183964 0.902207 0.390103 18.099352
24087 23 16 23
-0.421104 0.442978 -0.791481 13.071791
13879 23 17 13
-0.509105 -0.858014 0.068006 8.894996
16951 23 17 16
-0.462091 0.177877 0.868810 15.850987
17975 23 17 17
-0.551695 -0.701498 -0.451146 18.675510
20023 23 17 19
-0.222600 -0.965097 0.137972 18.246199
22071 23 17 21
-0.045699 -0.626950 0.777718 17.961662
24119 23 17 23
-0.485172 -0.386066 -0.784577 13.719894
16983 23 18 16
-0.137626 -0.586609 0.798091 14.997923
18007 23 18 17
-0.209656 -0.965151 -0.156617 16.575317
19031 23 18 18
-0.414131 -0.907903 -0.064867 15.971581
20055 23 18 19
-0.010485 -0.927306 -0.374158 15.330870
17015 23 19 16
0.041438 -0.903961 0.425603 9.760034
18039 23 19 17
-0.058001 -0.994866 0.082927 11.481158
19063 23 19 18
-0.149475 -0.979400 -0.135771 11.305773
26231 23 19 25
-0.980646 -0.194324 -0.023907 6.575624
28375 23 22 27
-0.899501 0.418940 -0.124047 10.363348
29399 23 22 28
-0.468777 0.261223 -0.843807 7.465634
27383 23 23 26
-0.744462 -0.600727 0.291381 8.163778
28407 23 23 27
-0.589535 -0.786964 -0.182033 8.644998
13528 24 6 13
0.039509 0.997920 -0.050934 9.981900
14552 24 6 14
-0.049346 0.717196 -0.695122 7.055736
12536 24 7 12
0.096285 0.765723 0.635922 14.123326
13560 24 7 13
-0.336770 0.862556 -0.377603 15.345184
14584 24 7 14
-0.170763 0.305914 -0.936620 10.991220
12568 24 8 12
-0.388156 -0.497640 0.775687 15.064295
14616 24 8 14
-0.338077 -0.100233 -0.935766 11.596376
14648 24 9 14
-0.449582 -0.225835 -0.864219 10.273783
20792 24 9 20
-0.664095 0.733673 -0.143879 10.121188
12632 24 10 12
-0.821019 -0.378240 0.427623 11.422465
13656 24 10 13
-0.919666 -0.312051 -0.238410 12.168238
19800 24 10 19
-0.848010 0.440752 0.294306 13.678051
21848 24 10 21
-0.213385 0.801623 -0.558451 12.116473
15736 24 11 15
-0.621875 0.724180 0.298051 13.122018
16760 24 11 16
-0.724735 0.624753 -0.290590 13.518672
17784 24 11 17
-0.903305 0.210348 -0.373889 10.447604
18808 24 11 18
-0.838405 -0.174317 0.516421 11.209338
19832 24 11 19
-0.888296 -0.188809 0.418666 14.410273
14744 24 12 14
-0.813825 0.429846 0.391050 14.184546
15768 24 12 15
-0.932171 0.180637 0.313733 16.527887
16792 24 12 16
-0.739371 -0.187242 -0.646738 15.197815
20888 24 12 20
-0.753062 0.268726 0.600569 16.800341
21912 24 12 21
-0.070804 -0.515207 -0.854136 17.389833
22936 24 12 22
0.582605 0.084690 -0.808331 13.885097
12728 24 13 12
-0.728586 0.206063 0.653223 10.700428
13752 24 13 13
-0.969049 0.073485 0.235677 14.393240
22968 24 13 22
0.675673 -0.373483 -0.635591 12.459449
12760 24 14 12
-0.802322 -0.302813 0.514376 10.137925
14808 24 14 14
-0.948086 -0.316380 0.032190 13.663759
18904 24 14 18
-0.738713 0.391287 0.548815 12.632745
14840 24 15 14
-0.928854 -0.368239 0.040378 11.184335
15864 24 15 15
-0.740611 -0.365221 -0.564012 9.032717
18936 24 15 18
-0.519821 0.747588 0.413398 15.021845
22008 24 15 21
-0.569606 -0.344324 -0.746318 15.730346
13848 24 16 13
-0.950876 -0.256721 0.173000 8.494616
14872 24 16 14
-0.821563 -0.531107 -0.207267 8.345623
19992 24 16 19
-0.642076 0.498858 -0.582132 17.830513
23064 24 16 22
-0.824063 0.295843 -0.483112 13.332434
13880 24 17 13
-0.692654 -0.718995 0.057237 5.511883
17976 24 17 17
-0.868998 -0.312810 0.383396 15.249494
22072 24 17 21
-0.978324 -0.198934 0.057515 15.644901
23096 24 17 22
-0.873678 -0.189376 -0.448134 14.229273
24120 24 17 23
-0.692116 -0.211998 -0.689951 8.982858
16984 24 18 16
-0.899439 -0.170077 0.402596 11.146619
21080 24 18 20
-0.688988 -0.724688 -0.011067 12.390477
22104 24 18 21
-0.640784 -0.763345 -0.081854 12.394839
23128 24 18 22
-0.558925 -0.682274 -0.471279 10.084503
17016 24 19 16
-0.635550 -0.730206 0.250747 7.638168
18040 24 19 17
-0.747531 -0.661216 -0.063173 8.047437
20088 24 19 19
-0.600477 -0.799330 -0.022332 7.447188
21112 24 19 20
-0.396218 -0.917654 -0.030367 7.277318
22136 24 19 21
-0.353826 -0.909562 -0.217953 6.639328
29400 24 22 28
-0.804117 0.172359 -0.568936 4.296131
12505 25 6 12
-0.577822 0.778805 0.244100 6.550597
13529 25 6 13
-0.725054 0.671474 -0.153034 6.996387
10489 25 7 10
-0.317303 0.253933 0.913694 4.397300
11513 25 7 11
-0.674071 0.441297 0.592356 8.623294
12537 25 7 12
-0.935959 0.328227 0.127465 10.814364
13561 25 7 13
-0.954396 0.185522 -0.233903 10.427087
14585 25 7 14
-0.756717 0.159368 -0.634020 6.886928
13593 25 8 13
-0.963207 -0.138886 -0.230092 10.334440
12601 25 9 12
-0.885395 -0.409056 0.220791 8.753304
13625 25 9 13
-0.931138 -0.302391 -0.203819 8.805872
20825 25 10 20
-0.821198 0.537823 0.190734 9.719817
21849 25 10 21
-0.603650 0.747432 -0.277401 9.584991
19833 25 11 19
-0.861832 0.137915 0.488084 9.473601
20857 25 11 20
-0.923566 0.210418 0.320546 11.693412
15769 25 12 15
-0.975392 0.163742 0.147648 9.331237
16793 25 12 16
-0.925779 0.058201 -0.373558 8.420257
19865 25 12 19
-0.631268 0.361905 0.685949 10.919734
22937 25 12 22
0.379120 0.858596 -0.345081 16.677320
23961 25 12 23
0.736998 0.341480 -0.583288 13.582939
15801 25 13 15
-0.959827 -0.273406 0.063095 8.932458
16825 25 13 16
-0.809163 -0.349493 -0.472344 7.370273
19897 25 13 19
-0.491780 0.100459 0.864905 13.005626
20921 25 13 20
-0.720403 0.627989 0.294363 16.223066
22969 25 13 22
0.431900 -0.872747 -0.227542 15.864386
23993 25 13 23
0.592931 -0.508227 -0.624611 12.706866
14841 25 15 14
-0.970435 -0.220559 0.098029 4.471070
18937 25 15 18
-0.821922 0.469677 0.322253 10.444366
20985 25 15 20
-0.776592 -0.499149 0.384389 14.014963
22009 25 15 21
-0.545480 -0.597521 -0.587725 13.335066
18969 25 16 18
-0.945120 0.136923 0.296649 13.658953
19993 25 16 19
-0.979608 0.030560 -0.198579 13.833230
22041 25 16 21
-0.873161 -0.293500 -0.389162 10.063889
19001 25 17 18
-0.763481 -0.633680 0.124684 11.004837
20025 25 17 19
-0.795353 -0.598250 -0.097526 11.022055
21049 25 17 20
-0.896746 -0.410655 -0.164952 9.798220
22073 25 17 21
-0.953722 -0.224399 -0.200150 8.471274
23962 26 12 23
0.538307 0.626012 -0.564211 17.533073
24986 26 12 24
0.392585 0.005700 -0.919698 13.796866
26010 26 12 25
0.225223 -0.134251 -0.965014 6.717538
20922 26 13 20
-0.808759 0.418137 0.413607 12.881215
25018 26 13 24
0.201608 -0.631265 -0.748905 10.602007
20954 26 14 20
-0.769565 -0.354292 0.531269 12.910323
21978 26 14 21
-0.790415 -0.546337 -0.277055 13.904979
23002 26 14 22
-0.165191 -0.917782 -0.361092 11.954700
20986 26 15 20
-0.768023 -0.560508 0.309794 8.986538
22010 26 15 21
-0.613480 -0.739925 -0.275959 9.170202
22907 27 11 22
-0.157494 0.889269 0.429414 12.186677
23931 27 11 23
-0.371928 0.897859 -0.235625 12.627837
24955 27 11 24
-0.489747 0.685211 -0.539104 9.830012
25979 27 11 25
-0.385889 0.403008 -0.829864 5.129459
22939 27 12 22
-0.755931 -0.016833 0.654435 15.130239
23963 27 12 23
-0.955833 -0.076089 -0.283889 15.426456
24987 27 12 24
-0.731787 -0.087481 -0.675895 12.114525
21947 27 13 21
-0.768808 -0.157882 0.619683 10.934036
25019 27 13 24
-0.535837 -0.558342 -0.633351 9.155801
23003 27 14 22
-0.619266 -0.784654 -0.028770 9.131445
24027 27 14 23
-0.452969 -0.813793 -0.364089 7.689703
22876 28 10 22
-0.244800 0.961369 0.125870 5.012040
22908 28 11 22
-0.802643 0.561519 0.201147 9.568098
23932 28 11 23
-0.819858 0.350397 -0.452830 8.081764
22940 28 12 22
-0.972929 -0.226983 0.043456 10.144943
22909 29 11 22
-0.992221 0.111716 -0.054936 4.461665
