5.000000
36 36 36
128.000000 128.000000 128.000000
38.000000 38.000000 38.000000
2.695785 84.450290 23.463983
36943 7 18 28
0.803605 0.180548 0.567117 2.289273
38239 7 18 29
0.775706 0.457050 -0.435184 2.358941
38275 7 19 29
0.965529 -0.220390 -0.138502 2.577422
38096 8 14 29
0.740250 0.486759 -0.463784 1.577891
36836 8 15 28
0.875353 0.130544 0.465527 2.275031
38132 8 15 29
0.794247 0.182748 -0.579461 2.184349
36872 8 16 28
0.846043 0.032167 0.532143 2.339182
38168 8 16 29
0.747969 -0.114559 -0.653773 2.205058
36944 8 18 28
0.420169 0.224151 0.879326 3.149435
38240 8 18 29
0.177438 0.787111 -0.590738 3.154159
39536 8 18 30
0.359798 0.593138 -0.720231 2.166951
36980 8 19 28
0.167063 -0.456580 0.873856 2.823249
38276 8 19 29
0.158716 -0.954158 -0.253754 3.435296
39572 8 19 30
0.335770 0.166157 -0.927173 2.776095
37016 8 20 28
0.596782 -0.075819 0.798813 2.398985
39608 8 20 30
0.707431 -0.381364 -0.595066 2.680794
40904 8 20 31
0.503601 0.000776 -0.863936 1.627529
37052 8 21 28
0.938014 -0.203013 0.280920 2.327583
39644 8 21 30
0.783555 -0.558222 -0.272820 2.026791
36801 9 14 28
0.813580 0.533314 0.231655 3.207122
38097 9 14 29
0.546621 0.410904 -0.729633 2.715571
36837 9 15 28
0.698862 -0.308314 0.645395 3.425939
38133 9 15 29
0.271252 0.066632 -0.960199 3.112728
29097 9 16 22
0.895886 0.420617 0.143069 3.334470
38169 9 16 29
0.190298 -0.345506 -0.918919 2.936424
36909 9 17 28
-0.859086 0.508663 0.056852 3.000237
29169 9 18 22
0.919300 -0.283101 0.273390 3.679690
34353 9 18 26
0.423338 -0.202060 0.883152 1.801148
35649 9 18 27
0.336479 -0.602906 0.723385 2.783905
36945 9 18 28
-0.957307 -0.281625 0.065198 3.029411
39537 9 18 30
0.197020 0.493796 -0.846965 2.516031
40833 9 18 31
0.155850 0.270065 -0.950145 1.286251
36981 9 19 28
-0.489958 -0.495254 0.717401 2.641617
38277 9 19 29
-0.924002 -0.300265 0.236772 3.060997
40905 9 20 31
0.320980 0.263070 -0.909817 2.296693
37053 9 21 28
0.603714 0.632984 0.484624 3.479994
39645 9 21 30
0.921460 -0.210923 -0.326225 3.206849
40941 9 21 31
0.466676 -0.272582 -0.841375 2.248859
37089 9 22 28
0.833170 -0.464364 0.300321 3.312459
38385 9 22 29
0.854084 -0.444183 -0.270632 3.247091
36730 10 12 28
0.852388 0.424019 0.306011 2.577871
38026 10 12 29
0.855814 0.484930 -0.180070 2.638586
38062 10 13 29
0.867261 0.309766 -0.389748 3.368580
39358 10 13 30
0.775172 -0.000438 -0.631750 2.464680
40654 10 13 31
0.585680 -0.101915 -0.804110 1.210725
35506 10 14 27
0.365500 0.424508 0.828374 3.411670
36802 10 14 28
0.993529 0.104578 0.044303 4.127476
38098 10 14 29
0.557650 -0.118618 -0.821557 3.541945
34246 10 15 26
0.227955 0.325746 0.917565 2.795643
35542 10 15 27
0.293243 -0.852018 0.433674 3.419979
29098 10 16 22
-0.413169 0.829396 0.376024 3.818808
30394 10 16 23
-0.113270 0.811745 -0.572923 3.597004
31690 10 16 24
0.432008 0.483929 -0.761040 2.614049
32986 10 16 25
0.808710 -0.588207 -0.000855 2.188268
38170 10 16 29
-0.587670 -0.418073 -0.692719 2.714962
29134 10 17 22
-0.110802 0.748840 0.653422 5.020459
30430 10 17 23
0.037461 0.308434 -0.950508 4.410934
31726 10 17 24
0.296766 -0.278463 -0.913449 2.523279
29170 10 18 22
0.301004 -0.492493 0.816608 5.437079
30466 10 18 23
0.206255 -0.243371 -0.947750 4.568581
35650 10 18 27
-0.983350 -0.164193 0.077870 2.400759
39538 10 18 30
0.367808 0.191458 -0.909978 2.744721
29206 10 19 22
0.163973 -0.940340 0.298116 3.282855
30502 10 19 23
0.194628 -0.819980 -0.538286 2.813966
35686 10 19 27
-0.182083 -0.919258 0.349013 1.905878
38314 10 20 29
0.113517 0.490358 0.864097 3.092597
39610 10 20 30
0.206779 0.957348 -0.201812 3.477344
40906 10 20 31
-0.064097 0.321094 -0.944876 2.566756
40942 10 21 31
-0.084501 -0.165114 -0.982648 2.656356
37090 10 22 28
0.810915 0.145434 0.566803 4.491529
38386 10 22 29
0.603621 -0.113831 -0.789103 4.292295
39682 10 22 30
0.248288 -0.546870 -0.799554 3.516871
40978 10 22 31
0.063876 -0.430993 -0.900092 2.113311
37126 10 23 28
0.830493 -0.476236 0.288930 4.037032
38422 10 23 29
0.672645 -0.435550 -0.598201 3.725889
37162 10 24 28
0.785221 -0.439212 0.436486 3.253901
38458 10 24 29
0.801886 -0.255606 -0.540042 3.187498
38494 10 25 29
0.735925 -0.541430 -0.406532 2.401160
36659 11 10 28
0.678988 0.573365 0.458507 2.303677
37955 11 10 29
0.890137 0.394312 -0.228416 2.409214
39251 11 10 30
0.772785 0.456927 -0.440478 1.937768
36695 11 11 28
0.533943 0.580502 0.614754 2.943238
39287 11 11 30
0.769046 0.556603 -0.314263 2.590189
40583 11 11 31
0.499204 0.368630 -0.784161 1.714188
36731 11 12 28
-0.156998 0.565249 0.809843 3.385242
38027 11 12 29
0.291455 0.938111 -0.187089 3.548271
39323 11 12 30
0.702257 0.442763 -0.557491 3.275805
35471 11 13 27
-0.239568 0.368358 0.898287 2.730711
36767 11 13 28
-0.589812 0.585304 0.556365 3.911151
38063 11 13 29
-0.466575 0.492847 -0.734445 3.942658
39359 11 13 30
0.224085 -0.284260 -0.932192 3.306035
40655 11 13 31
0.231287 -0.298557 -0.925943 1.884850
36803 11 14 28
-0.813284 -0.255685 0.522680 4.195438
38099 11 14 29
0.140762 -0.198381 -0.969965 4.027991
39395 11 14 30
0.189297 -0.215763 -0.957921 2.946809
35543 11 15 27
-0.628817 -0.552365 0.547249 3.170103
36839 11 15 28
0.022103 -0.976996 0.212107 3.491045
39431 11 15 30
0.388404 -0.294463 -0.873174 2.542825
31691 11 16 24
-0.445372 0.794425 -0.412957 2.519358
33023 11 17 25
0.311534 -0.735540 -0.601604 1.847158
29171 11 18 22
-0.737689 -0.163802 0.654968 4.791703
30467 11 18 23
-0.421620 -0.074154 -0.903735 4.200360
33059 11 18 25
0.990990 -0.044716 -0.126248 1.572703
39539 11 18 30
0.196398 -0.281551 -0.939232 2.949585
29207 11 19 22
-0.252896 -0.900779 0.353045 3.087632
30503 11 19 23
-0.170135 -0.846329 -0.504758 2.814232
33095 11 19 25
0.573080 -0.697761 0.429778 1.361251
35687 11 19 27
0.412867 -0.866125 0.281724 1.907637
38315 11 20 29
-0.695617 0.368596 0.616647 2.878116
39611 11 20 30
-0.909103 0.202831 -0.363856 2.972407
40907 11 20 31
-0.579936 0.128984 -0.804386 1.953818
40943 11 21 31
-0.535916 -0.036105 -0.843499 2.001792
35795 11 22 27
0.026245 0.530948 0.846998 3.687731
37091 11 22 28
-0.477644 0.762310 0.436738 4.637286
38387 11 22 29
-0.138292 0.273686 -0.951825 4.431689
39683 11 22 30
-0.225801 -0.156549 -0.961512 3.432984
40979 11 22 31
-0.300505 -0.217229 -0.928713 1.827522
35831 11 23 27
0.313925 -0.437578 0.842601 3.921075
34571 11 24 26
0.552584 -0.680789 0.480809 2.070191
35867 11 24 27
0.238420 -0.776022 0.583906 2.954997
37163 11 24 28
-0.194782 -0.488078 0.850788 3.940301
38459 11 24 29
-0.079512 -0.117600 -0.989873 3.972925
29423 11 25 22
0.589988 -0.806576 -0.036751 1.092480
37199 11 25 28
0.226567 -0.651882 0.723683 3.195523
38495 11 25 29
0.140715 -0.744346 -0.652801 3.337724
37235 11 26 28
0.436882 -0.768393 0.467661 1.947446
38531 11 26 29
0.279445 -0.822307 -0.495704 1.906277
37884 12 8 29
0.399377 0.852609 -0.336982 1.458164
36624 12 9 28
0.660046 0.512849 0.548931 2.626268
37920 12 9 29
0.614197 0.714909 -0.334165 2.832737
39252 12 10 30
0.583575 0.387673 -0.713548 2.880545
38028 12 12 29
0.445086 0.418303 0.791783 3.630452
39324 12 12 30
0.296401 0.441124 -0.847087 3.677916
40620 12 12 31
-0.017376 0.043045 -0.998922 2.548741
40656 12 13 31
-0.016859 -0.491130 -0.870923 2.078015
36804 12 14 28
-0.809063 0.158598 0.565918 3.195347
38100 12 14 29
-0.932496 0.291249 -0.213601 3.610631
36840 12 15 28
-0.560311 -0.020767 0.828022 3.313136
38136 12 15 29
-0.883249 -0.243290 -0.400849 3.754283
39432 12 15 30
-0.260600 -0.012357 -0.965368 2.718321
29100 12 16 22
-0.285687 0.957072 0.048947 2.043262
31692 12 16 24
-0.265136 0.959517 0.095028 2.189456
34284 12 16 26
-0.014580 -0.046749 0.998800 2.409879
35580 12 16 27
0.478338 -0.514885 0.711397 2.808500
38172 12 16 29
0.679925 -0.689617 -0.249259 3.447956
27840 12 17 21
-0.380685 -0.037568 0.923941 1.911531
31728 12 17 24
-0.056334 -0.813051 -0.579460 2.471433
33024 12 17 25
0.562329 -0.660295 -0.497791 2.194566
35616 12 17 27
0.308934 -0.844875 0.436744 2.170538
36912 12 17 28
0.362667 -0.766117 0.530600 2.633542
38208 12 17 29
0.558933 -0.659615 0.502496 3.067698
40800 12 17 31
0.237833 0.380578 -0.893642 2.097184
29172 12 18 22
-0.785338 -0.147759 0.601175 3.320076
30468 12 18 23
-0.649470 -0.094329 -0.754514 3.202178
39540 12 18 30
-0.083604 -0.986594 -0.140153 2.934016
40836 12 18 31
0.008002 -0.407474 -0.913182 2.103324
29208 12 19 22
-0.450235 -0.793049 0.410320 2.148806
30504 12 19 23
-0.382998 -0.829935 -0.405611 2.150397
34392 12 19 26
0.196429 -0.931170 0.307146 2.078355
36984 12 19 28
-0.619964 -0.590832 0.516297 2.129632
38352 12 21 29
-0.414637 0.902418 -0.117126 3.136527
37092 12 22 28
-0.898515 0.210042 0.385425 3.862377
38388 12 22 29
-0.912580 -0.053155 -0.405429 4.030046
39684 12 22 30
-0.286227 -0.013396 -0.958068 3.022170
34536 12 23 26
0.816359 -0.183783 0.547523 3.648989
35832 12 23 27
-0.793797 -0.538056 -0.283518 3.619034
39720 12 23 30
-0.299925 -0.428305 -0.852408 2.464497
29388 12 24 22
-0.234303 0.085689 0.968380 1.560401
30684 12 24 23
0.580798 -0.806377 0.111490 2.007022
38460 12 24 29
-0.873459 0.103701 -0.475726 3.253340
37200 12 25 28
-0.283604 -0.434254 0.854981 3.216297
38496 12 25 29
-0.417477 -0.511484 -0.751064 3.069118
37272 12 27 28
0.871187 -0.376790 0.314742 2.233011
38604 12 28 29
0.680497 -0.613726 -0.400329 1.286487
36589 13 8 28
-0.014337 0.943105 0.332187 1.854060
37885 13 8 29
-0.091138 0.882754 -0.460911 1.694738
36625 13 9 28
0.005968 0.858268 0.513167 3.307992
37921 13 9 29
-0.261610 0.803809 -0.534276 3.153260
36661 13 10 28
0.177398 -0.309673 0.934148 3.790255
37957 13 10 29
-0.645450 0.244697 -0.723545 3.839537
39253 13 10 30
-0.108326 0.475467 -0.873039 3.240598
40549 13 10 31
-0.047351 0.267867 -0.962292 1.780410
36697 13 11 28
-0.085708 -0.654378 0.751295 3.267232
37993 13 11 29
-0.538983 -0.642704 0.544453 3.691072
36733 13 12 28
-0.120382 -0.233067 0.964981 2.815328
38029 13 12 29
-0.550708 -0.027775 0.834235 3.719653
39325 13 12 30
-0.472222 0.022262 -0.881198 3.522171
40621 13 12 31
-0.317383 0.026185 -0.947936 2.161860
38065 13 13 29
-0.473620 -0.839393 0.266653 3.277511
39361 13 13 30
-0.429319 -0.719156 -0.546351 2.963771
40657 13 13 31
-0.309142 -0.489512 -0.815358 1.757063
38137 13 15 29
-0.932826 0.280678 -0.225955 2.682638
29101 13 16 22
-0.664961 0.746590 -0.020739 1.549645
32989 13 16 25
-0.390275 0.919673 0.043445 2.002508
35581 13 16 27
-0.776646 0.106755 0.620826 2.571783
36877 13 16 28
-0.851595 0.255075 0.457954 3.035384
38173 13 16 29
-0.895280 0.358680 -0.264241 3.145852
29137 13 17 22
-0.952358 0.094722 0.289901 1.979930
31729 13 17 24
-0.798441 -0.284229 0.530760 2.210808
33025 13 17 25
-0.372050 -0.768098 -0.521156 2.373405
39505 13 17 30
-0.515333 0.445116 -0.732328 3.117598
40801 13 17 31
-0.402831 0.251670 -0.879994 1.951111
29173 13 18 22
-0.833530 -0.220433 0.506593 1.893345
30469 13 18 23
-0.917968 -0.237660 -0.317573 2.068271
39541 13 18 30
-0.169314 -0.871960 -0.459368 2.843010
40837 13 18 31
-0.367016 -0.442608 -0.818167 1.764174
30505 13 19 23
-0.624707 -0.734865 -0.264035 1.274440
34393 13 19 26
-0.330525 -0.789030 0.517867 1.977769
36985 13 19 28
-0.392475 -0.888358 0.238294 1.916027
34501 13 22 26
0.038975 0.987933 -0.149898 3.170452
35797 13 22 27
-0.382264 0.888866 -0.252571 2.937238
38389 13 22 29
-0.961175 -0.273348 -0.037738 3.260272
39685 13 22 30
-0.021199 -0.073615 -0.997061 2.694029
30649 13 23 23
0.278013 -0.195869 0.940396 2.894403
31945 13 23 24
0.688069 -0.463199 0.558577 3.928630
33241 13 23 25
0.473901 -0.820933 -0.318572 4.096805
34537 13 23 26
-0.500818 -0.570763 -0.650700 3.622551
31981 13 24 24
0.002461 -0.990956 0.134161 2.547356
35905 13 25 27
0.145669 0.795053 0.588787 2.871167
37201 13 25 28
-0.285417 0.950731 -0.121025 3.016261
35941 13 26 27
0.405594 -0.393754 0.824895 3.026935
37237 13 26 28
0.848984 0.523119 0.074649 3.612740
39829 13 26 30
0.796391 0.031930 -0.603939 2.608411
37273 13 27 28
0.442344 -0.674873 0.590658 3.360151
38569 13 27 29
0.702226 -0.434941 -0.563654 3.285178
37309 13 28 28
0.202919 -0.864072 0.460656 2.057274
38605 13 28 29
0.372467 -0.869137 -0.325376 2.170496
28886 14 10 22
0.502269 0.790572 0.350318 0.886986
34070 14 10 26
0.042637 0.290571 0.955903 1.951620
35366 14 10 27
-0.467145 0.128001 0.874866 3.105847
39254 14 10 30
-0.572049 0.554063 -0.604793 2.666338
28922 14 11 22
0.482820 0.545107 0.685378 1.333737
34106 14 11 26
0.233889 -0.533490 0.812825 1.795182
35402 14 11 27
-0.280514 -0.883230 0.375787 2.493082
39290 14 11 30
-0.586423 0.140086 -0.797799 3.102082
40586 14 11 31
-0.231757 0.071238 -0.970162 1.712418
28958 14 12 22
0.720239 -0.085967 0.688379 1.480651
30254 14 12 23
0.846421 0.036932 -0.531232 1.430700
39326 14 12 30
-0.432744 -0.315335 -0.844569 3.058255
30290 14 13 23
0.863750 -0.350488 -0.362069 1.241117
32882 14 13 25
0.879364 -0.033101 0.474998 1.042768
36770 14 13 28
-0.127496 -0.154663 0.979706 2.345615
36806 14 14 28
0.650142 -0.419610 0.633438 2.176297
35582 14 16 27
-0.827780 0.115411 0.549054 1.842220
36878 14 16 28
-0.922949 0.345544 0.169601 2.177674
33026 14 17 25
-0.986267 -0.145456 0.078232 1.846352
36914 14 17 28
-0.800235 -0.080781 0.594221 2.305076
35654 14 18 27
-0.827093 0.473488 0.302863 1.895619
38246 14 18 29
-0.718640 -0.457678 0.523533 2.729327
39542 14 18 30
-0.572946 -0.262212 -0.776516 2.366648
35690 14 19 27
-0.466809 -0.159827 -0.869796 1.941165
35726 14 20 27
0.828305 0.496366 0.259870 2.058463
35762 14 21 27
0.450741 0.494235 0.743347 2.412400
37058 14 21 28
0.649727 0.727152 0.221596 2.755057
29318 14 22 22
0.112750 0.174990 0.978093 1.655668
30614 14 22 23
-0.209487 0.535960 0.817840 2.925401
31910 14 22 24
-0.545111 0.780664 0.305643 3.679878
33206 14 22 25
-0.509979 0.651995 -0.561092 3.488981
37094 14 22 28
-0.226488 -0.664229 0.712392 2.850230
40982 14 22 31
0.445265 0.172874 -0.878552 2.206075
31946 14 23 24
-0.751107 -0.627402 0.205436 3.523458
33242 14 23 25
-0.791931 -0.518500 -0.322494 3.411787
35834 14 23 27
-0.782577 -0.622213 -0.020577 2.297811
37130 14 23 28
-0.348323 -0.711713 0.610029 2.484671
41018 14 23 31
0.534905 -0.361480 -0.763681 1.950813
33278 14 24 25
-0.534758 -0.842434 -0.065868 2.053115
38462 14 24 29
0.602024 0.514324 0.610768 2.761350
39758 14 24 30
0.665248 0.314169 -0.677305 2.659174
29426 14 25 22
0.085837 -0.709406 0.699553 1.330925
35906 14 25 27
-0.685584 0.623539 0.375730 2.481971
39794 14 25 30
0.360081 0.385773 -0.849424 3.028441
35942 14 26 27
-0.643183 -0.232217 0.729651 2.747608
37238 14 26 28
-0.694473 0.485604 0.530938 3.501541
38534 14 26 29
-0.341556 0.922653 -0.179028 3.669059
39830 14 26 30
0.067493 0.032965 -0.997175 3.264936
37274 14 27 28
-0.350110 -0.599940 0.719372 3.334407
38570 14 27 29
-0.436678 -0.808720 -0.394061 3.529697
39866 14 27 30
0.094123 -0.601083 -0.793625 2.949314
38606 14 28 29
0.044725 -0.978225 -0.202672 2.502414
39902 14 28 30
0.200763 -0.825150 -0.528036 1.923905
36591 15 8 28
0.441213 0.712830 0.545165 2.372931
37887 15 8 29
0.551147 0.661077 -0.509131 2.415658
37923 15 9 29
0.697116 0.120258 -0.706801 3.144303
35367 15 10 27
-0.446119 -0.226101 0.865942 2.596426
36663 15 10 28
-0.142076 -0.941437 0.305794 2.955981
39291 15 11 30
-0.637384 0.348460 -0.687254 2.344399
28959 15 12 22
-0.112621 0.252317 0.961069 1.675825
32847 15 12 25
0.962333 -0.239360 -0.128928 2.379556
36735 15 12 28
0.298741 -0.054009 0.952805 2.354307
38031 15 12 29
-0.643083 -0.138792 0.753114 2.757253
39327 15 12 30
-0.503067 0.454903 -0.734838 2.734362
40623 15 12 31
0.067377 0.381496 -0.921912 1.810820
28995 15 13 22
0.166610 -0.234545 0.957721 1.705061
30291 15 13 23
0.872831 -0.429620 -0.231502 2.170017
39363 15 13 30
0.863107 -0.379121 -0.333637 2.726752
40659 15 13 31
0.461933 -0.265886 -0.846122 1.931350
30327 15 14 23
0.593396 -0.779288 -0.201476 1.509212
34215 15 14 26
0.738398 0.032898 0.673562 2.136202
35511 15 14 27
0.753177 0.581238 0.308038 2.295140
36807 15 14 28
0.657307 0.231583 0.717159 2.598433
38103 15 14 29
0.985260 -0.055961 -0.161650 2.757775
36843 15 15 28
0.514735 -0.798025 0.313375 2.247462
33027 15 17 25
-0.959600 -0.152241 0.236622 0.935008
36915 15 17 28
-0.964024 0.024310 0.264701 1.494728
35655 15 18 27
-0.951754 0.186928 0.243355 1.284809
36951 15 18 28
-0.943930 0.001882 0.330141 1.536134
38247 15 18 29
-0.988298 0.144849 0.047815 1.823874
39579 15 19 30
-0.510817 -0.296177 -0.807060 1.243103
34431 15 20 26
-0.307442 0.811870 0.496333 1.886386
35727 15 20 27
-0.513853 0.808915 0.285676 2.159282
33171 15 21 25
-0.515982 0.853718 0.070206 2.319470
37059 15 21 28
-0.146886 0.495971 0.855826 2.975792
38355 15 21 29
0.237302 0.968917 -0.069911 3.210009
33207 15 22 25
-0.968088 -0.177027 -0.177388 2.528474
39687 15 22 30
-0.220891 -0.193407 -0.955929 3.389859
40983 15 22 31
-0.338199 0.217910 -0.915498 2.265347
30651 15 23 23
-0.798902 -0.593113 -0.099862 2.277855
41019 15 23 31
-0.354198 -0.300637 -0.885529 2.138265
29391 15 24 22
-0.453240 -0.389844 0.801620 1.545840
30687 15 24 23
-0.533769 -0.706987 -0.463961 1.627908
33279 15 24 25
-0.558564 -0.804842 0.200588 1.261300
39759 15 24 30
-0.462366 0.432393 -0.774115 2.820898
41055 15 24 31
-0.161078 -0.106922 -0.981133 1.763517
29427 15 25 22
-0.646326 -0.673781 0.358163 1.016954
35907 15 25 27
-0.594399 0.165018 0.787057 1.703375
37239 15 26 28
-0.359821 0.125726 0.924512 2.939558
38535 15 26 29
0.098754 -0.751339 0.652486 3.532687
37311 15 28 28
0.112346 -0.912526 0.393288 2.457701
38607 15 28 29
-0.097654 -0.956208 -0.275917 2.426766
39903 15 28 30
-0.004131 -0.931269 -0.364309 2.036062
36592 16 8 28
0.175821 0.794339 0.581474 2.990466
37888 16 8 29
0.115115 0.829086 -0.547143 3.114418
28852 16 9 22
-0.634111 0.640751 0.432830 1.452650
34036 16 9 26
0.482305 0.780968 0.396827 2.052008
36628 16 9 28
0.463587 -0.054858 0.884351 3.805130
37924 16 9 29
0.289736 -0.126045 -0.948771 3.883184
30184 16 10 23
-0.042113 0.864963 0.500065 2.134009
32776 16 10 25
0.364266 0.880591 0.303100 2.749658
37960 16 10 29
0.358150 -0.830954 -0.425728 3.172013
31516 16 11 24
0.364914 0.810167 0.458766 3.758073
32812 16 11 25
0.661297 0.736304 -0.143329 3.961356
31552 16 12 24
0.813802 -0.399978 0.421596 4.059207
32848 16 12 25
0.667323 -0.562105 -0.488588 3.967983
34144 16 12 26
0.600329 -0.559595 -0.571365 3.133524
35440 16 12 27
0.900964 -0.374338 -0.219395 2.629384
36736 16 12 28
0.909688 0.199705 0.364124 2.673995
38032 16 12 29
0.806157 0.590573 0.036543 2.789029
31588 16 13 24
0.565881 -0.815202 0.123386 3.074147
32884 16 13 25
0.591291 -0.729536 -0.343732 2.959026
40660 16 13 31
0.024172 -0.116095 -0.992944 2.385464
30328 16 14 23
-0.156519 -0.980477 0.119024 1.793865
38104 16 14 29
0.673354 0.282669 0.683149 3.518792
39400 16 14 30
0.151465 -0.447341 -0.881444 3.139485
30364 16 15 23
-0.117850 -0.992413 0.035039 0.769941
34252 16 15 26
-0.187179 -0.890146 0.415456 1.762204
35548 16 15 27
-0.210710 -0.915712 0.342160 2.083133
38140 16 15 29
0.162961 -0.986633 -0.000126 3.090012
39436 16 15 30
0.053339 -0.581663 -0.811679 2.308404
38176 16 16 29
0.018085 -0.994398 -0.104146 1.915095
37024 16 20 28
-0.453879 0.863326 0.220595 1.800792
35764 16 21 27
-0.578848 0.685398 0.441774 2.200488
38356 16 21 29
-0.461135 0.887321 -0.004011 3.133538
39652 16 21 30
-0.320945 0.579488 -0.749124 2.400483
30616 16 22 23
-0.956865 0.263348 -0.122705 1.520377
34504 16 22 26
-0.372195 0.117511 0.920686 2.252296
35800 16 22 27
0.491512 -0.509690 0.706139 2.438718
37096 16 22 28
-0.301997 -0.450705 0.840037 2.729735
38392 16 22 29
-0.676888 -0.717361 0.164973 3.196275
39688 16 22 30
-0.691043 -0.270474 -0.670301 2.712847
30652 16 23 23
-0.892256 -0.363783 -0.267471 1.404981
34540 16 23 26
-0.214498 -0.848946 0.482993 1.967529
35836 16 23 27
0.101752 -0.971504 0.214070 2.100880
37132 16 23 28
-0.132102 -0.709410 0.692306 2.371333
38428 16 23 29
-0.702785 -0.663946 -0.255478 2.439440
34576 16 24 26
-0.303274 -0.912147 0.275703 1.233507
37168 16 24 28
-0.278033 0.232986 0.931888 2.296821
37204 16 25 28
-0.127533 0.220694 0.966969 2.591501
38500 16 25 29
-0.385361 0.791126 0.474990 3.499027
39796 16 25 30
-0.273091 0.726170 -0.630951 3.258678
41092 16 25 31
-0.127145 0.475417 -0.870524 1.994784
38536 16 26 29
0.144513 -0.330532 0.932665 3.638801
39832 16 26 30
0.019390 -0.001792 -0.999810 3.715221
41128 16 26 31
-0.030895 0.112439 -0.993178 2.570238
39868 16 27 30
0.268863 -0.875545 -0.401415 3.341329
41164 16 27 31
-0.028553 -0.417857 -0.908064 2.297286
37312 16 28 28
-0.037960 -0.958466 0.282668 2.492725
36593 17 8 28
-0.061776 0.930595 0.360801 3.079947
37889 17 8 29
-0.184885 0.840407 -0.509445 2.943374
35333 17 9 27
0.205032 0.709070 0.674671 3.490743
36629 17 9 28
0.635899 0.515590 0.574282 4.233208
37925 17 9 29
0.052636 0.254305 -0.965691 3.948861
34073 17 10 26
-0.611865 0.414608 0.673588 3.311718
35369 17 10 27
0.755284 -0.465128 0.461738 3.895700
34109 17 11 26
-0.987454 -0.145541 0.061250 3.475870
35405 17 11 27
-0.058136 -0.946895 -0.316244 3.344236
39293 17 11 30
0.447533 -0.042754 -0.893245 2.724209
30257 17 12 23
-0.748784 0.081668 0.657763 2.691758
31553 17 12 24
-0.986777 0.010684 0.161732 3.488902
32849 17 12 25
-0.968724 -0.147321 -0.199678 3.398793
34145 17 12 26
-0.830297 -0.512903 -0.218030 3.006675
35441 17 12 27
-0.777071 -0.625030 -0.074144 2.840367
38033 17 12 29
0.192431 -0.980636 -0.036390 3.129078
40625 17 12 31
-0.390470 0.343072 -0.854304 1.679465
28997 17 13 22
-0.517399 -0.304386 0.799779 1.358408
30293 17 13 23
-0.688947 -0.560271 0.459835 2.240290
31589 17 13 24
-0.757913 -0.601020 0.253659 2.880823
32885 17 13 25
-0.810877 -0.459080 -0.362938 2.856655
36773 17 13 28
-0.624100 0.319173 0.713181 2.965877
38069 17 13 29
-0.983559 0.178918 -0.024491 3.095930
39365 17 13 30
-0.871521 -0.044435 -0.488340 2.808958
40661 17 13 31
-0.635848 -0.166588 -0.753622 1.853341
32921 17 14 25
-0.532213 -0.842707 0.081202 2.274251
36809 17 14 28
-0.610282 -0.494179 0.619147 2.933640
38105 17 14 29
-0.953016 -0.262183 -0.151723 3.063785
39401 17 14 30
-0.735089 -0.355718 -0.577156 2.443936
32957 17 15 25
-0.038735 -0.947902 0.316198 1.408612
36845 17 15 28
-0.531391 -0.767818 0.357883 2.283502
38177 17 16 29
-0.600018 -0.787347 -0.141641 1.421684
38357 17 21 29
-0.937947 0.337826 -0.078285 2.255574
35801 17 22 27
-0.975119 0.180586 0.128572 1.955349
37133 17 23 28
-0.925734 -0.308886 0.218185 1.979448
39797 17 25 30
-0.228869 0.670541 -0.705687 2.743143
35945 17 26 27
0.523434 0.358856 0.772813 2.373268
37277 17 27 28
0.585780 -0.503743 0.634905 3.746708
38573 17 27 29
0.410917 -0.835673 -0.364414 3.859918
39869 17 27 30
-0.244731 -0.589202 -0.770031 3.331849
41165 17 27 31
-0.295195 -0.320528 -0.900068 1.951365
38609 17 28 29
-0.042906 -0.987886 -0.149132 2.473192
36594 18 8 28
-0.062914 0.969545 0.236696 2.895149
36630 18 9 28
0.033805 0.922592 0.384293 4.484035
37926 18 9 29
0.248968 0.643207 -0.724085 4.170869
39222 18 9 30
0.461834 0.490337 -0.739107 3.117107
40518 18 9 31
0.459610 0.319173 -0.828786 1.666763
35370 18 10 27
-0.466882 -0.307783 0.829030 3.640100
36666 18 10 28
-0.291727 -0.858817 0.421105 4.516263
37962 18 10 29
-0.034019 -0.332922 -0.942341 4.351948
39258 18 10 30
0.278199 -0.134766 -0.951022 3.406762
40554 18 10 31
0.338218 -0.150037 -0.929030 1.802209
36702 18 11 28
-0.380482 -0.821366 0.424960 3.494988
37998 18 11 29
-0.458123 -0.856598 -0.237410 3.761018
39294 18 11 30
-0.199588 -0.505012 -0.839719 2.861544
35514 18 14 27
-0.863695 -0.356684 0.356101 2.171074
34254 18 15 26
-0.267466 -0.943193 0.197102 1.369159
35550 18 15 27
-0.252883 -0.963260 0.090450 1.506226
35802 18 22 27
0.115930 0.825097 0.552969 1.539640
35838 18 23 27
0.808268 0.331676 0.486511 1.910130
38466 18 24 29
0.668684 0.720647 -0.183112 2.885766
37206 18 25 28
0.405414 0.669280 0.622659 3.389400
38502 18 25 29
0.546985 0.781945 -0.298946 3.797768
39798 18 25 30
0.118563 0.328910 -0.936889 2.800630
37242 18 26 28
0.245581 0.831701 0.497959 4.193466
38538 18 26 29
-0.262392 0.056040 -0.963333 4.072143
39834 18 26 30
-0.306791 -0.001306 -0.951776 3.061873
35982 18 27 27
0.285040 -0.500066 0.817732 3.134748
37278 18 27 28
0.125846 -0.958561 0.255584 4.112878
38574 18 27 29
-0.346857 -0.679707 -0.646288 3.771151
39870 18 27 30
-0.506337 -0.452265 -0.734220 2.712995
41166 18 27 31
-0.453916 -0.282776 -0.844984 1.307079
37891 19 8 29
0.011484 0.973659 -0.227719 2.862524
36631 19 9 28
-0.709334 0.300778 0.637477 4.201554
37927 19 9 29
-0.650267 0.475535 -0.592469 4.141765
39223 19 9 30
0.119084 0.664016 -0.738175 3.630592
40519 19 9 31
0.234469 0.355810 -0.904667 2.335109
35371 19 10 27
-0.536060 -0.401697 0.742482 2.591192
36667 19 10 28
-0.726463 -0.618195 0.300144 3.642081
37999 19 11 29
-0.471876 -0.879018 0.068272 2.961264
39439 19 15 30
0.515238 -0.430312 -0.741189 1.392732
33211 19 22 25
0.549616 0.834715 0.034241 1.778605
37099 19 22 28
0.417789 0.752425 0.509223 2.269111
29359 19 23 22
0.823549 0.560941 0.084340 1.539912
33247 19 23 25
0.974896 0.165028 -0.149476 2.239956
37135 19 23 28
0.302628 0.782720 0.543844 2.905963
38431 19 23 29
0.809836 0.568922 -0.143152 3.083508
39727 19 23 30
0.787530 0.189561 -0.586398 2.569970
34579 19 24 26
0.619530 0.096645 0.779001 2.369828
35875 19 24 27
0.285547 0.205382 0.936099 2.827690
38467 19 24 29
-0.056485 0.737162 -0.673351 3.470131
34615 19 25 26
0.606822 0.157458 0.779085 2.376322
38503 19 25 29
-0.970197 -0.156836 -0.184719 3.486597
39799 19 25 30
-0.359284 -0.118496 -0.925675 2.615296
35947 19 26 27
-0.373495 0.724984 0.578706 3.514743
35983 19 27 27
-0.103723 -0.669571 0.735470 3.426944
37315 19 28 28
0.127056 -0.968344 0.214864 2.904995
38611 19 28 29
0.131077 -0.748437 -0.650124 2.455961
36596 20 8 28
-0.216378 0.938145 0.270305 2.792737
37892 20 8 29
-0.170835 0.952635 -0.251599 2.686872
36632 20 9 28
-0.826392 -0.347246 0.443279 3.400563
39224 20 9 30
-0.527231 0.808377 -0.261828 3.443840
40520 20 9 31
-0.051646 0.401583 -0.914365 2.534176
37964 20 10 29
-0.568094 -0.365823 0.737185 3.245523
39260 20 10 30
-0.800157 -0.563788 -0.204677 3.614955
40556 20 10 31
-0.089562 -0.196356 -0.976434 2.712979
38000 20 11 29
0.104648 -0.750315 0.652746 2.819176
39296 20 11 30
0.209443 -0.919878 -0.331599 2.977450
40592 20 11 31
0.087861 -0.548969 -0.831212 2.001614
34148 20 12 26
0.719599 0.653041 0.236040 1.836315
36740 20 12 28
0.883530 -0.053547 0.465303 2.088964
30296 20 13 23
0.916483 -0.197887 -0.347706 1.892124
34184 20 13 26
0.846520 0.135344 0.514864 2.162481
36776 20 13 28
0.908411 -0.065264 0.412953 2.040526
30332 20 14 23
0.767146 -0.624446 -0.146813 1.263585
34220 20 14 26
0.402856 -0.733203 0.547833 2.016937
35516 20 14 27
-0.133862 -0.651517 -0.746730 1.995729
38108 20 14 29
0.759281 0.466335 0.453900 2.673500
39404 20 14 30
0.747785 0.165493 -0.642985 2.437628
35552 20 15 27
0.229617 -0.925828 0.300197 1.646815
38144 20 15 29
0.373595 -0.908211 0.188623 2.388974
39440 20 15 30
0.289232 -0.696236 -0.656963 1.969295
38324 20 20 29
0.438299 0.898560 0.022004 1.542868
35768 20 21 27
0.627039 0.741648 0.238286 1.651741
38360 20 21 29
0.123968 0.950145 0.286105 2.397313
39656 20 21 30
0.101052 0.635088 -0.765801 1.953998
30620 20 22 23
0.405052 0.913772 -0.030892 1.445812
38396 20 22 29
-0.270421 0.505965 0.819068 2.979573
39692 20 22 30
0.036426 0.645053 -0.763269 2.826850
33248 20 23 25
-0.861082 0.286246 -0.420240 2.307175
39728 20 23 30
0.273173 0.090113 -0.957735 3.270134
41024 20 23 31
0.204454 0.163058 -0.965200 2.216342
28100 20 24 21
0.311802 0.234915 0.920649 1.928519
31988 20 24 24
-0.317225 0.193247 -0.928453 2.573663
33284 20 24 25
-0.775530 -0.260422 -0.575095 2.247917
35876 20 24 27
-0.911949 0.000741 0.410303 2.310329
37172 20 24 28
-0.817299 -0.244687 0.521681 2.749535
38468 20 24 29
-0.805865 -0.519982 0.283198 3.100059
41060 20 24 31
0.230985 -0.509481 -0.828900 1.853432
28136 20 25 21
0.553200 0.010673 0.832980 2.053716
32024 20 25 24
0.640494 0.136837 -0.755674 2.655481
29468 20 26 22
0.956198 -0.041405 0.289777 3.355729
30764 20 26 23
0.876021 -0.279858 -0.392767 3.215998
33356 20 26 25
-0.273145 -0.590439 0.759456 2.268469
34652 20 26 26
-0.848921 0.295657 0.438086 2.695493
38540 20 26 29
-0.233262 0.656712 -0.717160 2.778466
29504 20 27 22
0.667084 -0.742220 0.064098 2.556992
30800 20 27 23
0.451143 -0.774142 -0.444043 2.032890
33392 20 27 25
-0.126542 -0.862715 0.489602 1.542741
34688 20 27 26
-0.461459 -0.785122 0.413085 2.223822
35984 20 27 27
-0.719040 -0.520758 0.460210 2.788085
38576 20 27 29
-0.087740 0.034511 -0.995545 3.155106
37316 20 28 28
-0.280169 -0.840528 0.463701 2.773099
38612 20 28 29
-0.081706 -0.712995 -0.696392 2.558181
36597 21 8 28
-0.343931 0.783381 0.517712 2.296974
37893 21 8 29
0.093664 0.995378 -0.021207 2.575454
39189 21 8 30
0.058822 0.927373 -0.369485 2.362714
40485 21 8 31
-0.118687 0.627239 -0.769730 1.463277
36633 21 9 28
-0.387335 -0.228128 0.893269 2.692662
39225 21 9 30
-0.668357 0.386330 -0.635648 3.043253
40521 21 9 31
-0.389755 0.171431 -0.904822 2.128572
37965 21 10 29
-0.304406 -0.248838 0.919465 2.905930
40557 21 10 31
-0.487619 -0.139402 -0.861855 2.102372
35409 21 11 27
0.929974 0.269033 0.250540 2.036724
38001 21 11 29
-0.203594 -0.263059 0.943053 2.780016
28965 21 12 22
0.782157 -0.250805 0.570375 4.037620
30261 21 12 23
0.626978 -0.132888 -0.767620 3.730285
32853 21 12 25
-0.140972 0.827698 0.543178 1.673571
34149 21 12 26
-0.819383 0.300115 0.488407 1.957655
36741 21 12 28
-0.207029 0.045926 0.977256 2.223364
39333 21 12 30
0.887692 -0.016706 -0.460135 2.817243
29001 21 13 22
0.430107 -0.665250 0.610287 3.034964
30297 21 13 23
0.369135 -0.648696 -0.665533 3.050095
39369 21 13 30
0.873338 0.445814 -0.196290 2.992499
40665 21 13 31
0.358327 0.140332 -0.922989 2.125837
30333 21 14 23
0.380230 -0.918391 -0.109466 2.041248
39405 21 14 30
0.378513 -0.384109 -0.842133 3.154669
32961 21 15 25
0.482113 -0.875694 0.026950 1.969481
39441 21 15 30
0.023838 -0.837567 -0.545814 2.229651
32997 21 16 25
0.170541 -0.946781 0.272986 1.108929
36957 21 18 28
0.848445 0.183095 0.496605 2.166069
38253 21 18 29
0.994650 0.037080 -0.096417 2.567829
33105 21 19 25
0.912107 0.187132 0.364750 1.518780
36993 21 19 28
0.963939 -0.166190 0.207854 2.138345
34437 21 20 26
0.819319 -0.227001 0.526486 1.709875
35733 21 20 27
0.995351 -0.082664 0.049435 1.914157
30621 21 22 23
-0.129352 0.954460 -0.268840 1.652254
34509 21 22 26
0.035104 0.777468 0.627942 2.069856
35805 21 22 27
0.201788 0.651902 -0.730962 2.014145
38397 21 22 29
-0.919403 0.361630 0.154665 2.337126
29361 21 23 22
0.202063 0.774151 0.599884 2.977573
30657 21 23 23
0.175162 0.738108 -0.651548 3.016143
39729 21 23 30
-0.758613 0.627325 -0.175980 2.887138
41025 21 23 31
-0.368544 0.340322 -0.865076 2.025242
37173 21 24 28
-0.350441 -0.277322 0.894586 2.251442
38469 21 24 29
-0.226855 -0.018015 0.973762 2.840704
39765 21 24 30
0.093330 -0.569621 -0.816591 3.077478
41061 21 24 31
-0.065994 -0.325181 -0.943346 2.007205
29469 21 26 22
0.280025 -0.779683 0.560072 4.564147
30765 21 26 23
-0.006383 -0.598177 -0.801338 3.991093
32061 21 26 24
-0.419951 -0.460502 -0.782036 2.316008
37245 21 26 28
0.279242 0.914275 0.293470 2.790401
38541 21 26 29
-0.111622 0.472975 -0.873977 2.747060
29505 21 27 22
-0.297763 -0.951244 0.080444 2.872190
30801 21 27 23
-0.224031 -0.836265 -0.500470 2.216482
37281 21 27 28
-0.483217 -0.389079 0.784295 2.959871
38577 21 27 29
-0.494766 -0.199596 -0.845794 2.805312
37317 21 28 28
-0.412239 -0.752892 0.513042 2.168179
38613 21 28 29
-0.424524 -0.692564 -0.583211 2.109104
37894 22 8 29
0.009221 0.999610 0.026366 2.723219
39190 22 8 30
-0.282770 0.748124 -0.600293 2.219204
37930 22 9 29
0.982994 -0.046036 -0.177774 3.406381
39226 22 9 30
-0.270322 0.057839 -0.961031 2.838794
28894 22 10 22
0.146155 0.955889 0.254786 3.213106
30190 22 10 23
0.091415 0.818997 -0.566469 2.611045
34078 22 10 26
0.257276 0.598728 0.758507 1.636069
35374 22 10 27
0.623245 0.621903 0.474134 2.508974
36670 22 10 28
0.854420 -0.381843 0.352367 2.866886
37966 22 10 29
0.383502 -0.923157 0.026594 3.030634
39262 22 10 30
-0.259397 -0.137207 -0.955975 2.704541
28930 22 11 22
0.259884 0.575544 0.775377 5.449865
30226 22 11 23
0.108249 0.357708 -0.927538 4.585157
34114 22 11 26
0.206008 -0.185581 0.960792 2.011865
35410 22 11 27
0.679214 -0.731086 0.064669 2.591732
39298 22 11 30
-0.357203 0.301217 -0.884123 2.788345
28966 22 12 22
-0.022365 -0.838513 0.544422 4.903874
38038 22 12 29
-0.067540 0.159077 0.984953 2.809678
39334 22 12 30
-0.621644 0.023893 -0.782936 2.926687
36778 22 13 28
0.320128 0.723297 0.611850 2.562480
38074 22 13 29
0.120206 0.772614 0.623392 3.002042
29038 22 14 22
-0.127157 -0.976451 0.174282 2.180614
31630 22 14 24
-0.201141 -0.822719 0.531672 2.434020
32926 22 14 25
-0.547856 -0.210348 -0.809696 2.497352
36814 22 14 28
0.761737 0.284385 0.582136 3.095737
38110 22 14 29
0.924832 0.380274 -0.008800 3.374255
40702 22 14 31
-0.416732 -0.326432 -0.848397 1.805816
29074 22 15 22
-0.056691 -0.997448 -0.043397 1.191135
32962 22 15 25
-0.467923 -0.881099 0.068643 1.860992
36850 22 15 28
0.237173 -0.914518 0.327727 2.718499
38146 22 15 29
0.051418 -0.969550 -0.239436 2.770798
39442 22 15 30
-0.165964 -0.774932 -0.609866 2.066091
30478 22 18 23
0.914722 0.403541 0.020951 1.348112
34366 22 18 26
0.786384 0.193645 0.586602 2.122737
35662 22 18 27
0.750230 0.029504 0.660518 2.399798
38254 22 18 29
0.490576 0.856710 0.159322 3.486171
39550 22 18 30
0.387643 0.349340 -0.853050 2.768564
30514 22 19 23
0.957190 -0.168304 0.235503 1.459803
33106 22 19 25
0.953401 0.275051 0.123988 2.312474
36994 22 19 28
0.570971 -0.132245 0.810249 3.044912
38290 22 19 29
0.710939 -0.692295 -0.123665 3.296789
39586 22 19 30
0.656109 -0.404967 -0.636807 2.631125
35734 22 20 27
0.333559 -0.736617 0.588331 2.388778
37030 22 20 28
0.523220 -0.848665 -0.077517 2.545407
37102 22 22 28
-0.393347 0.912543 0.111996 1.847072
34546 22 23 26
-0.901235 0.012898 0.433139 2.059063
35842 22 23 27
-0.922288 0.361713 0.136195 2.131903
37138 22 23 28
-0.370130 0.658760 0.655010 2.273152
29398 22 24 22
-0.429614 0.725329 0.537894 4.578009
30694 22 24 23
-0.367258 0.477070 -0.798452 4.042753
33286 22 24 25
-0.684038 -0.636006 0.357196 1.426672
35878 22 24 27
0.616753 0.527495 0.584264 2.114120
39766 22 24 30
-0.261773 0.263276 -0.928526 2.941549
29434 22 25 22
-0.556885 -0.124220 0.821248 5.519703
30730 22 25 23
-0.299737 -0.108611 -0.947819 4.605444
35914 22 25 27
0.360078 0.926955 0.105347 2.557868
39802 22 25 30
-0.027316 -0.455537 -0.889798 2.786512
29470 22 26 22
-0.450916 -0.839399 0.303452 4.149639
30766 22 26 23
-0.385334 -0.647888 -0.657083 3.377916
34654 22 26 26
-0.074009 -0.401929 0.912675 1.895992
35950 22 26 27
0.159460 -0.491999 0.855868 2.897313
39838 22 26 30
0.306358 -0.620094 -0.722238 2.250669
37895 23 8 29
-0.486566 0.840445 -0.238547 2.319794
36635 23 9 28
-0.360486 0.457774 0.812707 3.015993
37931 23 9 29
-0.824442 0.086809 -0.559249 3.151213
39227 23 9 30
-0.679782 0.122153 -0.723170 2.088886
28895 23 10 22
-0.405122 0.896312 0.180279 2.720586
34079 23 10 26
-0.344490 0.530101 0.774803 1.558053
35375 23 10 27
-0.391697 0.603329 0.694671 2.686387
36671 23 10 28
-0.838484 -0.493727 0.230603 3.161613
39263 23 10 30
-0.720959 -0.014411 -0.692828 2.100397
28931 23 11 22
-0.660767 0.564277 0.494952 4.829185
30227 23 11 23
-0.392029 0.490744 -0.778128 4.105126
34115 23 11 26
-0.267448 0.001573 0.963571 1.975947
35411 23 11 27
-0.284923 -0.747853 0.599612 2.799210
39299 23 11 30
-0.671698 0.084926 -0.735941 2.181629
31559 23 12 24
0.182992 0.204991 -0.961505 2.852314
27707 23 13 21
-0.297428 -0.472689 0.829519 1.898507
31595 23 13 24
-0.313793 -0.793921 -0.520791 2.639396
32891 23 13 25
0.195582 -0.023332 -0.980410 2.283288
34223 23 14 26
-0.365006 -0.518068 0.773548 2.431138
35519 23 14 27
-0.127556 -0.275452 0.952815 2.929613
38111 23 14 29
0.547404 0.554113 -0.627143 3.583194
34259 23 15 26
-0.452745 -0.732429 0.508498 1.651642
35555 23 15 27
-0.325225 -0.845662 0.423184 2.216797
38147 23 15 29
0.189946 -0.945581 -0.264191 2.901411
34331 23 17 26
-0.220064 0.760711 0.610647 1.956305
36923 23 17 28
-0.178647 0.882071 0.435931 2.466809
38219 23 17 29
-0.130539 0.883948 -0.448993 2.374458
30479 23 18 23
0.536915 0.837739 -0.099576 2.198380
34367 23 18 26
-0.910589 -0.116533 0.396545 2.187796
38255 23 18 29
-0.784275 0.549037 0.288914 3.132556
39551 23 18 30
-0.125778 0.823098 -0.553796 2.970014
33107 23 19 25
0.611253 0.634770 -0.472691 2.930871
39587 23 19 30
0.088885 -0.513816 -0.853284 3.322929
40883 23 19 31
0.379966 -0.090233 -0.920589 2.281626
29255 23 20 22
0.379258 -0.519203 0.765893 1.385683
33143 23 20 25
0.673941 -0.708214 -0.210323 2.653469
35735 23 20 27
0.505254 -0.595909 0.624188 2.579464
37031 23 20 28
0.258200 -0.894999 0.363743 2.877477
38327 23 20 29
0.555044 -0.826028 -0.097996 2.975387
39623 23 20 30
0.474312 -0.716499 -0.511525 2.592068
40919 23 20 31
0.362795 -0.603062 -0.710419 1.653178
39731 23 23 30
0.545011 0.753857 -0.366964 2.732841
35879 23 24 27
-0.759574 0.371310 0.534019 1.775671
38471 23 24 29
0.355751 -0.180186 0.917046 2.925594
29435 23 25 22
-0.961386 -0.015563 0.274763 3.302845
30731 23 25 23
-0.817826 -0.059548 -0.572376 2.718637
34619 23 25 26
-0.695133 0.121762 0.708494 1.480155
35915 23 25 27
-0.795185 0.450749 0.405594 2.191761
29471 23 26 22
-0.779178 -0.597524 0.189332 2.330742
34655 23 26 26
-0.616814 -0.332793 0.713295 1.338810
35951 23 26 27
-0.733514 -0.186540 0.653575 2.363187
37247 23 26 28
-0.194942 0.552166 0.810624 3.125634
38543 23 26 29
0.844821 0.338563 -0.414309 3.271352
39839 23 26 30
0.331695 -0.314273 -0.889500 2.657760
37283 23 27 28
0.043320 -0.717633 0.695073 2.919410
37319 23 28 28
0.024966 -0.928108 0.371474 1.703689
37896 24 8 29
-0.745274 0.570389 -0.345287 1.246426
36636 24 9 28
-0.851521 0.378924 0.362394 2.044257
28932 24 11 22
-0.664463 0.724593 0.182904 3.489282
36708 24 11 28
0.038795 0.478546 0.877205 3.032468
38004 24 11 29
0.184276 0.450348 -0.873629 2.811539
28968 24 12 22
-0.673715 -0.648625 0.354109 3.710325
30264 24 12 23
-0.792905 -0.311008 -0.524000 3.445215
32856 24 12 25
-0.361808 0.895576 0.258918 2.181107
34152 24 12 26
0.361350 0.856225 0.369194 2.527794
38040 24 12 29
0.542586 -0.232310 -0.807238 2.890469
30300 24 13 23
-0.563032 -0.824685 -0.053760 2.158699
34188 24 13 26
0.227050 -0.445446 0.866040 2.771156
35484 24 13 27
0.951740 0.283386 0.117824 3.190053
36816 24 14 28
0.746158 -0.079769 0.660973 3.684566
38112 24 14 29
0.524085 0.535996 -0.661848 3.874926
39408 24 14 30
0.129984 0.101116 -0.986347 2.797995
36852 24 15 28
0.236173 -0.779833 0.579726 2.884394
38148 24 15 29
0.359399 -0.913076 -0.192680 3.294537
34332 24 17 26
-0.751599 0.579438 0.315200 1.486837
36924 24 17 28
0.114011 0.009637 0.993433 2.382633
29184 24 18 22
0.015721 0.211536 0.977244 1.819674
30480 24 18 23
-0.236456 0.946673 -0.218857 2.327360
39552 24 18 30
-0.013858 0.940155 -0.340464 2.816038
40848 24 18 31
-0.067142 0.457223 -0.886814 2.031801
33108 24 19 25
0.176100 0.903804 -0.390036 3.492296
36996 24 19 28
-0.377576 0.755718 0.535095 2.595809
40884 24 19 31
-0.462908 -0.217171 -0.859391 2.219634
30552 24 20 23
0.124601 -0.603637 0.787462 3.030289
31848 24 20 24
0.384745 -0.894290 0.228509 3.886449
33144 24 20 25
0.633180 -0.733606 -0.246790 3.833220
34440 24 20 26
0.881652 -0.151702 -0.446851 3.376007
35736 24 20 27
0.688083 0.415765 -0.594711 2.963424
38328 24 20 29
-0.366292 0.929907 0.033224 3.122396
34476 24 21 26
0.641947 -0.733708 0.222660 2.420189
38364 24 21 29
0.922093 0.342393 -0.180309 3.598845
39660 24 21 30
0.444357 0.003382 -0.895843 2.752933
37104 24 22 28
0.910578 -0.157631 0.382100 3.349641
38400 24 22 29
0.961959 -0.190105 -0.196199 3.592572
39768 24 24 30
0.513111 -0.853013 -0.095314 3.512074
41064 24 24 31
0.195438 -0.132422 -0.971735 2.665298
41100 24 25 31
0.211506 -0.397792 -0.892763 2.124424
38544 24 26 29
-0.889787 0.454515 0.041163 3.316972
39840 24 26 30
-0.134304 -0.333385 -0.933176 2.828042
37284 24 27 28
-0.572887 -0.403124 0.713646 2.439859
38580 24 27 29
-0.519790 -0.806599 -0.281454 2.908938
39876 24 27 30
-0.167854 -0.705821 -0.688217 1.991523
38616 24 28 29
-0.324937 -0.898803 -0.294225 1.491411
36673 25 10 28
-0.516303 0.740240 0.430670 1.787583
37969 25 10 29
-0.376592 0.758473 -0.531881 1.690974
28933 25 11 22
-0.852073 0.520335 -0.056768 1.972572
36709 25 11 28
-0.285330 0.701996 0.652525 2.898153
38005 25 11 29
-0.244193 0.583542 -0.774499 2.818209
28969 25 12 22
-0.924756 -0.377451 0.048545 2.110595
32857 25 12 25
-0.812482 0.293178 0.503904 1.439176
34153 25 12 26
-0.626363 0.588870 0.510786 2.221825
35449 25 12 27
-0.239408 0.818475 0.522285 2.963935
38041 25 12 29
-0.006743 0.038848 -0.999222 3.209946
34189 25 13 26
-0.527726 -0.279094 0.802255 2.421343
35485 25 13 27
-0.195315 0.204894 0.959099 3.674303
36817 25 14 28
0.491290 -0.734138 0.468696 4.233129
38113 25 14 29
0.100262 0.148619 -0.983799 4.039709
39409 25 14 30
0.156949 0.271155 -0.949654 3.011733
35557 25 15 27
0.157942 -0.669448 0.725874 2.186183
38185 25 16 29
0.903769 0.094440 0.417473 3.527501
39481 25 16 30
0.797180 0.025271 -0.603213 3.251645
40777 25 16 31
0.537310 -0.018880 -0.843174 1.934171
36925 25 17 28
0.291023 -0.197183 0.936176 2.615414
38221 25 17 29
0.802955 -0.482484 0.349961 3.349806
39517 25 17 30
0.677822 -0.155533 -0.718587 3.094173
29185 25 18 22
-0.232304 0.127081 0.964306 1.713146
30481 25 18 23
-0.584667 0.712210 -0.388486 1.901968
36961 25 18 28
0.259448 -0.161611 0.952139 2.380384
38257 25 18 29
0.548190 -0.477443 0.686685 2.969372
39553 25 18 30
0.339821 -0.365964 -0.866367 2.970362
40849 25 18 31
-0.145449 -0.030807 -0.988886 1.804598
33109 25 19 25
-0.471171 0.861057 -0.191253 3.195141
36997 25 19 28
-0.447099 0.186845 0.874752 2.381481
38293 25 19 29
-0.222997 -0.915155 0.335803 2.642434
30553 25 20 23
-0.290894 -0.351828 0.889718 2.851833
31849 25 20 24
-0.660033 -0.644518 0.385945 3.736758
33145 25 20 25
-0.860363 -0.508202 0.038802 3.991168
34441 25 20 26
-0.412460 0.625042 -0.662721 3.720192
34477 25 21 26
0.329824 -0.819790 0.468145 3.385345
35773 25 21 27
0.742744 0.643323 0.185651 3.745695
38365 25 21 29
-0.171707 0.936122 -0.306907 3.846752
39661 25 21 30
-0.188791 0.405944 -0.894185 2.892954
35809 25 22 27
0.443544 -0.279344 0.851608 3.678875
37105 25 22 28
0.862424 0.192088 0.468324 4.597437
38401 25 22 29
0.259763 0.077191 -0.962582 4.398671
39697 25 22 30
-0.014589 0.249390 -0.968293 3.389075
40993 25 22 31
-0.031331 0.355133 -0.934291 1.787152
35845 25 23 27
0.269639 -0.330458 0.904484 3.017434
37141 25 23 28
0.752597 -0.512924 0.412925 4.279452
41029 25 23 31
-0.172320 0.243566 -0.954454 2.385124
37177 25 24 28
0.583987 -0.648882 0.487761 3.684613
41065 25 24 31
-0.409172 -0.160196 -0.898285 2.467854
37213 25 25 28
-0.011854 -0.868154 0.496153 2.879886
39805 25 25 30
-0.777532 -0.568108 -0.269624 2.786676
41101 25 25 31
-0.446746 -0.386472 -0.806881 1.956714
38545 25 26 29
-0.929002 -0.364602 0.063403 2.480226
39841 25 26 30
-0.760352 -0.477685 -0.440093 2.221589
38581 25 27 29
-0.805979 -0.591824 -0.011913 1.736307
38006 26 11 29
-0.680646 0.529013 -0.506820 1.979964
36746 26 12 28
-0.842242 0.445627 0.303389 3.021463
38042 26 12 29
-0.666447 0.236923 -0.706906 2.631663
36782 26 13 28
-0.913461 0.372096 0.164719 3.614586
38078 26 13 29
-0.579009 0.515377 -0.631771 3.175936
35522 26 14 27
-0.504289 -0.085774 0.859264 2.844296
36818 26 14 28
-0.871755 -0.020721 0.489503 3.989554
38114 26 14 29
-0.623756 0.475276 -0.620517 3.916123
39410 26 14 30
-0.135593 0.586846 -0.798264 3.136818
40706 26 14 31
-0.001411 0.436996 -0.899462 1.686378
35558 26 15 27
-0.082781 -0.491037 0.867197 2.258838
36854 26 15 28
0.017853 -0.771760 0.635663 3.433009
38186 26 16 29
-0.427316 0.208373 0.879762 3.757895
39482 26 16 30
-0.167018 -0.214324 -0.962377 3.797256
40778 26 16 31
0.087792 -0.149047 -0.984925 2.556583
36926 26 17 28
0.428712 0.020878 0.903200 2.989869
38222 26 17 29
0.176999 -0.623195 0.761774 3.698638
29186 26 18 22
-0.635412 0.248937 0.730946 1.419346
35666 26 18 27
0.894286 0.201896 0.399363 2.519958
39554 26 18 30
0.174354 -0.538087 -0.824660 3.176313
39590 26 19 30
0.016068 -0.688241 -0.725304 2.326057
30554 26 20 23
-0.904454 0.067537 0.421191 2.250179
38330 26 20 29
0.570910 0.713211 -0.406684 3.031907
30590 26 21 23
-0.188156 -0.981357 0.039193 1.567005
33182 26 21 25
-0.528413 -0.653878 0.541501 2.158155
34478 26 21 26
-0.733400 -0.353734 0.580515 3.105097
35774 26 21 27
-0.690913 0.633067 0.349091 3.639164
38366 26 21 29
0.288154 0.654330 -0.699156 3.849888
35810 26 22 27
-0.482518 -0.360604 0.798211 3.612180
37106 26 22 28
-0.931741 -0.027814 0.362057 4.481095
38402 26 22 29
-0.530397 -0.084954 -0.843482 4.115533
37142 26 23 28
-0.808530 -0.506815 0.299028 3.971546
38438 26 23 29
-0.822030 -0.360728 -0.440615 3.758734
39734 26 23 30
-0.813382 -0.094408 -0.574018 2.847268
41030 26 23 31
-0.648523 0.041749 -0.760049 1.595968
37178 26 24 28
-0.846212 -0.464836 0.260484 3.067253
38474 26 24 29
-0.819503 -0.505958 -0.269112 2.950707
39770 26 24 30
-0.834039 -0.411040 -0.368001 2.325493
37214 26 25 28
-0.799003 -0.573102 0.182068 2.047554
38043 27 12 29
-0.898395 0.251714 -0.359898 1.226482
36819 27 14 28
-0.808818 0.486450 0.330423 2.756378
38115 27 14 29
-0.841362 0.519463 -0.149223 2.878019
39411 27 14 30
-0.697614 0.571910 -0.431571 2.333604
36855 27 15 28
-0.650089 -0.055558 0.757824 3.216796
38151 27 15 29
-0.990269 0.044074 -0.132003 3.348488
39447 27 15 30
-0.843341 0.371928 -0.387874 3.128071
39483 27 16 30
-0.897308 0.013990 -0.441183 3.332349
40779 27 16 31
-0.337614 -0.089523 -0.937018 2.303452
36927 27 17 28
0.339248 0.593626 0.729739 3.467172
38223 27 17 29
0.168218 0.974938 -0.145596 3.766015
29187 27 18 22
-0.936207 0.233026 0.263090 0.872820
34371 27 18 26
-0.228711 0.260339 0.938038 1.885680
35667 27 18 27
0.041074 0.348412 0.936441 3.240104
39555 27 18 30
-0.170245 -0.611289 -0.772879 3.220122
40851 27 18 31
-0.088542 -0.288870 -0.953265 1.770854
34407 27 19 26
-0.442983 -0.290903 0.848022 1.793655
35703 27 19 27
-0.170673 -0.672137 0.720488 2.906930
39591 27 19 30
-0.297270 -0.641424 -0.707252 2.168682
29259 27 20 22
-0.745690 0.566577 0.350623 1.376011
37035 27 20 28
-0.176094 0.496873 0.849769 3.392106
38331 27 20 29
-0.186717 0.663486 -0.724516 3.372743
29295 27 21 22
-0.451491 -0.870217 0.197177 1.238906
30591 27 21 23
-0.667609 -0.630404 -0.396092 1.053853
34479 27 21 26
-0.906510 -0.089506 0.412586 1.701662
37071 27 21 28
-0.515861 0.114347 0.849007 3.797343
38367 27 21 29
-0.411637 -0.017132 -0.911187 3.919274
37107 27 22 28
-0.779229 -0.482154 0.400413 3.441656
38403 27 22 29
-0.589447 -0.578015 -0.564314 3.294257
37143 27 23 28
-0.790097 -0.579758 0.199067 2.259080
36856 28 15 28
-0.817214 0.516862 0.254979 2.292461
36892 28 16 28
-0.708331 0.317668 0.630361 2.788829
39484 28 16 30
-0.793898 0.382132 -0.472970 2.503754
39520 28 17 30
-0.674431 0.153669 -0.722169 2.881276
36964 28 18 28
-0.748616 -0.332478 0.573614 3.669708
38260 28 18 29
-0.524504 -0.640502 -0.560939 3.516922
39556 28 18 30
-0.591192 -0.508393 -0.626122 2.577839
37036 28 20 28
-0.840255 0.076606 0.536752 2.553656
38332 28 20 29
-0.768054 0.296432 -0.567645 2.493579
37072 28 21 28
-0.805094 -0.161466 0.570748 2.563978
38368 28 21 29
-0.866346 -0.149852 -0.476433 2.731712
38404 28 22 29
-0.749082 -0.571271 -0.335449 1.913491
36893 29 16 28
-0.859822 0.307046 0.407958 1.617105
38189 29 16 29
-0.881744 0.448124 -0.147350 1.822244
38225 29 17 29
-0.934073 0.247854 -0.257053 2.391831
36965 29 18 28
-0.881155 -0.134292 0.453355 2.455049
38261 29 18 29
-0.828848 -0.310432 -0.465450 2.389494
37001 29 19 28
-0.774550 -0.559022 0.295917 1.742869
38333 29 20 29
-0.903564 -0.022176 -0.427879 1.160865
