5.000000
32 32 32
97.221003 97.221003 97.221003
17.221003 17.221003 17.221003
6.467663 257.163242 74.298722
15588 4 7 15
0.794184 0.436977 0.422284 3.815950
16644 4 8 16
0.987244 0.158130 -0.018554 6.203958
16676 4 9 16
0.836123 -0.537308 0.110449 5.407158
17700 4 9 17
0.647825 -0.380638 -0.659877 4.064411
15589 5 7 15
0.338122 0.657332 0.673490 6.331818
16613 5 7 16
0.398734 0.888644 -0.226547 7.278709
15621 5 8 15
0.386217 -0.155018 0.909289 7.320763
16645 5 8 16
0.981331 0.184569 -0.054068 9.257033
17669 5 8 17
0.275902 0.134942 -0.951666 6.877905
16677 5 9 16
0.212755 -0.970281 0.115283 7.580366
17701 5 9 17
0.107375 -0.586699 -0.802655 5.753830
16709 5 10 16
0.074998 -0.996195 0.044395 3.537523
17733 5 10 17
0.009977 -0.858188 -0.513239 2.603199
15590 6 7 15
-0.084119 0.729737 0.678534 6.496879
16614 6 7 16
-0.230870 0.953258 -0.194933 7.382982
17638 6 7 17
-0.085769 0.632752 -0.769590 5.289280
15622 6 8 15
0.003270 0.078288 0.996925 7.765176
16646 6 8 16
-0.975082 0.131974 -0.178319 8.971351
17670 6 8 17
-0.262991 0.007617 -0.964768 6.797713
14630 6 9 14
0.884994 -0.063155 0.461299 5.322389
16678 6 9 16
-0.137671 -0.976144 -0.167899 7.534864
17702 6 9 17
-0.216627 -0.591326 -0.776792 5.338374
13638 6 10 13
0.992890 -0.056625 0.104708 4.752166
15559 7 6 15
0.361633 0.891032 0.274378 4.283657
15591 7 7 15
0.618987 0.641348 0.453351 7.230116
17639 7 7 17
0.096909 0.487374 -0.867799 5.086777
17671 7 8 17
-0.120800 -0.131841 -0.983883 5.761425
15655 7 9 15
0.591615 -0.718298 -0.366114 8.213284
16679 7 9 16
-0.223518 -0.733204 -0.642224 6.993400
11591 7 10 11
0.741156 0.358826 0.567391 6.004684
12615 7 10 12
0.918824 0.355720 0.170958 7.202362
13639 7 10 13
0.915724 0.219491 0.336562 7.849908
14663 7 10 14
0.854253 -0.339836 -0.393401 7.815109
15687 7 10 15
0.329968 -0.767617 -0.549441 5.952835
16711 7 10 16
0.019729 -0.886088 -0.463097 3.977870
11623 7 11 11
0.794830 -0.364109 0.485459 6.054571
12647 7 11 12
0.829989 -0.557016 -0.029168 6.714222
13671 7 11 13
0.713100 -0.697401 0.071553 6.881232
14695 7 11 14
0.598610 -0.597943 -0.533038 6.005763
12679 7 12 12
0.579631 -0.812304 -0.064737 3.825994
14727 7 12 14
0.484525 -0.788339 -0.379153 3.082734
22919 7 12 22
0.963719 0.091771 -0.250648 3.673382
15560 8 6 15
-0.022775 0.978211 0.206361 5.229518
16584 8 6 16
0.013059 0.970477 -0.240841 5.175406
14568 8 7 14
0.259688 0.643745 0.719830 6.897478
15592 8 7 15
0.176236 0.924561 0.337827 8.799845
16616 8 7 16
0.213003 0.756501 -0.618333 8.534940
17640 8 7 17
0.304837 0.452331 -0.838135 6.047932
14600 8 8 14
0.420272 0.408718 0.810137 8.678211
15624 8 8 15
0.019581 -0.777684 -0.628350 9.205302
11560 8 9 11
0.350001 0.740240 0.574060 5.828375
12584 8 9 12
0.470485 0.870925 0.141891 7.179193
14632 8 9 14
0.541553 0.629730 0.556921 9.231376
15656 8 9 15
-0.426238 -0.567738 -0.704269 8.067110
11592 8 10 11
0.476494 0.454330 0.752687 8.482741
12616 8 10 12
0.823964 0.465857 -0.322585 9.094434
14664 8 10 14
-0.104144 -0.442146 -0.890877 8.913334
15688 8 10 15
-0.220340 -0.575898 -0.787269 6.068311
11624 8 11 11
0.422154 -0.556693 0.715457 8.450517
12648 8 11 12
0.450720 -0.771600 -0.448870 8.627049
13672 8 11 13
0.173147 -0.981742 0.078761 8.178140
14696 8 11 14
0.063078 -0.686744 -0.724157 7.389762
11656 8 12 11
0.217644 -0.890224 0.400164 5.227635
12680 8 12 12
0.254486 -0.951204 -0.174495 5.589822
14728 8 12 14
0.156327 -0.902056 -0.402315 4.336102
22920 8 12 22
0.837131 0.091676 -0.539266 7.445704
23944 8 12 23
0.755950 -0.115098 -0.644432 5.107486
21928 8 13 21
0.710263 -0.696005 0.105373 6.700630
22952 8 13 22
0.520064 -0.721522 -0.457099 5.749897
19016 8 18 18
0.976794 0.213513 -0.016918 5.857468
19048 8 19 18
0.784079 -0.573975 0.236162 4.998167
20072 8 19 19
0.886088 -0.356815 -0.295858 4.885415
14569 9 7 14
-0.315658 0.711004 0.628358 6.598150
16617 9 7 16
-0.482268 0.866060 -0.131750 7.909580
17641 9 7 17
0.303675 0.807926 -0.505012 7.018691
14601 9 8 14
-0.832496 0.156472 0.531476 8.027021
15625 9 8 15
-0.799496 -0.568742 -0.193233 8.194495
16649 9 8 16
-0.609963 -0.771579 0.180589 8.176121
17673 9 8 17
0.746831 -0.005366 -0.664992 8.060145
18697 9 8 18
0.949689 0.308764 -0.052490 7.680975
19721 9 8 19
0.848579 0.376658 -0.371540 6.964676
11561 9 9 11
-0.061414 0.829684 0.554845 6.434141
12585 9 9 12
-0.206854 0.971327 0.117194 7.614383
13609 9 9 13
-0.514000 0.825781 0.232144 8.111028
14633 9 9 14
-0.906806 -0.021540 -0.420998 8.072293
16681 9 9 16
0.035636 -0.912679 0.407121 6.574791
17705 9 9 17
0.483080 -0.821936 0.301753 7.375018
18729 9 9 18
0.931919 -0.340009 0.126174 7.665645
19753 9 9 19
0.953492 -0.099285 -0.284595 7.556607
20777 9 9 20
0.640093 0.304944 -0.705188 5.388971
26921 9 9 26
0.708645 0.665235 0.235125 5.028989
27945 9 9 27
0.530711 0.654656 -0.538305 4.357771
11593 9 10 11
-0.234559 0.427626 0.872994 8.971122
12617 9 10 12
-0.117140 0.872155 -0.474999 9.867489
13641 9 10 13
-0.638674 0.078339 -0.765479 9.338532
14665 9 10 14
-0.508080 -0.144567 -0.849091 7.899813
17737 9 10 17
0.597344 -0.695260 0.399742 5.841821
18761 9 10 18
0.841111 -0.508708 0.183708 6.475144
19785 9 10 19
0.981964 -0.104971 0.157248 7.047215
21833 9 10 21
0.482585 0.860258 -0.164522 6.560142
22857 9 10 22
0.564901 0.772906 -0.288968 5.677995
23881 9 10 23
0.635199 0.712478 -0.298157 4.599973
26953 9 10 26
0.958295 0.100859 0.267390 6.950071
27977 9 10 27
0.812646 0.175603 -0.555671 6.304032
11625 9 11 11
-0.245511 -0.597837 0.763096 8.759500
12649 9 11 12
-0.010005 -0.899077 -0.437676 9.159148
14697 9 11 14
-0.229171 -0.563772 -0.793499 6.996957
18793 9 11 18
0.842038 -0.352288 0.408492 5.234572
20841 9 11 20
0.718561 0.529070 0.451392 9.306090
21865 9 11 21
0.545022 0.732460 -0.407987 9.516164
24937 9 11 24
0.893508 0.228186 -0.386748 5.612774
28009 9 11 27
0.900791 -0.280775 -0.331271 5.945424
11657 9 12 11
-0.121228 -0.902312 0.413687 5.431868
12681 9 12 12
-0.050617 -0.987905 -0.146568 5.991386
14729 9 12 14
0.036532 -0.942121 -0.333276 4.571959
19849 9 12 19
0.539336 -0.177722 0.823123 7.161201
20873 9 12 20
0.622798 -0.241897 0.744049 10.035077
21897 9 12 21
-0.018322 -0.385224 -0.922641 10.252082
23945 9 12 23
0.729119 -0.219568 -0.648209 7.535479
24969 9 12 24
0.597795 -0.386760 -0.702181 5.167291
19881 9 13 19
0.343608 -0.645516 0.682087 5.086087
20905 9 13 20
0.304280 -0.846708 0.436463 7.899969
21929 9 13 21
0.011066 -0.975590 -0.219319 8.414920
23977 9 13 23
0.451223 -0.757330 -0.472069 5.512340
21961 9 14 21
0.130592 -0.986945 -0.094260 4.238330
13865 9 17 13
0.562841 0.626173 0.539553 3.635967
14889 9 17 14
0.456083 0.842044 0.288012 4.870799
15913 9 17 15
0.330023 0.942169 0.058327 5.368104
16937 9 17 16
0.218321 0.975132 0.038129 5.486018
17961 9 17 17
0.134376 0.990064 0.041439 5.676023
18985 9 17 18
0.082875 0.983480 -0.160929 5.485079
14921 9 18 14
0.654054 -0.578849 0.486979 5.460660
15945 9 18 15
0.736405 -0.630059 0.246441 6.365756
16969 9 18 16
0.790713 -0.494805 0.360473 6.940893
17993 9 18 17
0.764121 -0.123466 0.633148 7.872294
19017 9 18 18
0.647269 0.758114 0.079409 8.611120
20041 9 18 19
0.461637 0.705017 -0.538369 7.784946
21065 9 18 20
0.571751 0.555286 -0.603952 5.603675
19049 9 19 18
0.252381 -0.903620 0.346085 7.158115
20073 9 19 19
0.414848 -0.876825 -0.243063 7.533527
21097 9 19 20
0.620590 -0.489857 -0.612297 5.919477
22121 9 19 21
0.686172 -0.231763 -0.689532 3.430634
20105 9 20 19
0.167192 -0.984875 -0.045467 3.830467
20169 9 22 19
0.593779 -0.709109 0.380252 0.722310
14570 10 7 14
0.092999 0.478376 0.873217 5.943374
18666 10 7 18
0.583414 0.802742 -0.123425 8.306582
19690 10 7 19
0.359091 0.801354 -0.478420 7.031790
15626 10 8 15
0.259879 -0.776170 0.574477 7.435506
18698 10 8 18
0.413229 -0.053739 0.909040 9.518847
19722 10 8 19
0.377658 0.463776 -0.801427 9.615768
20746 10 8 20
0.150987 0.237123 -0.959675 5.944040
26922 10 9 26
0.225251 0.972998 0.050363 7.265741
27946 10 9 27
0.001009 0.751046 -0.660249 5.504597
13642 10 10 13
-0.720902 0.303625 -0.622987 8.058444
22858 10 10 22
0.471763 0.880034 0.054586 7.173416
25930 10 10 25
0.628182 0.461466 0.626447 8.277860
26954 10 10 26
0.645037 0.670425 0.366684 10.399106
27978 10 10 27
0.164600 0.511002 -0.843673 8.820004
11626 10 11 11
-0.588272 -0.439222 0.678984 7.027196
12650 10 11 12
-0.622591 -0.781995 -0.029411 8.300177
13674 10 11 13
-0.564301 -0.689650 -0.453814 7.476894
14698 10 11 14
-0.322364 -0.737559 -0.593370 6.523150
20842 10 11 20
0.337673 0.941187 0.011984 10.306890
21866 10 11 21
-0.259075 0.727034 -0.635848 9.667646
24938 10 11 24
0.978285 0.165541 -0.124720 8.417269
25962 10 11 25
0.844833 -0.442868 0.300209 8.614021
26986 10 11 26
0.690787 -0.611528 0.385806 10.161630
28010 10 11 27
0.539187 -0.269713 -0.797830 9.688280
29034 10 11 28
0.210516 0.031072 -0.977097 5.166563
11658 10 12 11
-0.410758 -0.815457 0.407809 4.187957
12682 10 12 12
-0.382623 -0.923655 0.021481 5.102247
13706 10 12 13
-0.279000 -0.955420 -0.096601 4.804731
14730 10 12 14
0.100081 -0.988934 0.109513 4.827307
18826 10 12 18
0.564011 -0.700363 0.437474 6.371763
19850 10 12 19
0.215351 -0.582811 0.783553 8.476396
23946 10 12 23
0.634672 -0.529237 -0.563116 8.898125
24970 10 12 24
0.371650 -0.707161 -0.601498 7.123778
27018 10 12 26
0.409351 -0.864395 0.291979 6.411920
28042 10 12 27
0.410785 -0.873072 -0.262682 6.922416
29066 10 12 28
0.251131 -0.487444 -0.836260 4.047906
20906 10 13 20
-0.217468 -0.937059 0.273180 7.886741
23978 10 13 23
0.160217 -0.828761 -0.536176 6.892899
20938 10 14 20
-0.082448 -0.963346 0.255278 3.937812
21962 10 14 21
-0.034577 -0.998724 -0.036816 4.293394
24010 10 14 23
0.162124 -0.908341 -0.385528 3.251912
11818 10 17 11
0.163857 0.600941 0.782318 2.018160
12842 10 17 12
-0.319945 0.814543 0.483896 2.893363
13866 10 17 13
-0.559179 0.748293 0.356897 3.687309
14890 10 17 14
-0.581204 0.799978 0.149121 4.461302
15914 10 17 15
-0.561321 0.827532 -0.010467 4.650575
16938 10 17 16
-0.508831 0.860734 0.015105 4.628796
17962 10 17 17
-0.476647 0.878986 -0.013870 4.685777
13898 10 18 13
-0.449234 -0.553245 0.701504 4.015837
14922 10 18 14
-0.704221 -0.425085 0.568661 5.589409
15946 10 18 15
-0.929886 -0.195393 0.311663 6.352416
16970 10 18 16
-0.834711 0.309505 0.455481 6.961539
17994 10 18 17
-0.763191 0.599437 0.241279 7.638393
19018 10 18 18
-0.716578 0.694357 -0.066210 7.794256
20042 10 18 19
-0.580680 0.791840 -0.189211 7.337184
21066 10 18 20
-0.181842 0.919100 -0.349556 6.528060
22090 10 18 21
0.295890 0.719503 -0.628303 4.787367
17002 10 19 16
0.104741 -0.925314 0.364449 5.428204
18026 10 19 17
0.092281 -0.947260 0.306893 6.531494
19050 10 19 18
-0.053227 -0.962191 0.267125 7.451362
20074 10 19 19
-0.227700 -0.966337 -0.119772 7.691850
21098 10 19 20
0.177607 -0.909944 -0.374778 7.181100
22122 10 19 21
0.705267 -0.261070 -0.659121 5.899951
21194 10 22 20
0.239120 -0.588227 0.772535 1.133621
22218 10 22 21
0.734029 -0.212879 -0.644891 1.066549
21226 10 23 20
0.137889 -0.851553 0.505810 0.803585
15563 11 6 15
0.386779 0.741838 0.547794 7.442507
16587 11 6 16
0.533750 0.839383 0.102699 8.962107
17611 11 6 17
0.283955 0.876650 -0.388400 8.170254
10475 11 7 10
0.733581 0.676549 -0.064348 6.194302
11499 11 7 11
0.563408 0.572638 -0.595531 4.536270
14571 11 7 14
0.354842 0.226769 0.907008 6.889478
15595 11 7 15
0.653284 -0.086159 0.752194 9.043804
16619 11 7 16
0.777508 -0.404682 0.481365 10.028366
17643 11 7 17
0.960117 0.115829 -0.254476 10.279538
18667 11 7 18
0.107291 0.732652 -0.672093 9.382102
20715 11 7 20
-0.082392 0.528550 -0.844895 4.381654
9483 11 8 9
0.692200 -0.133719 0.709209 6.109606
10507 11 8 10
0.996491 -0.072199 0.042336 7.750309
11531 11 8 11
0.614484 0.429149 -0.661997 6.528274
16651 11 8 16
0.438903 -0.831949 0.339448 8.880577
17675 11 8 17
0.466712 -0.881253 0.074661 9.128594
19723 11 8 19
-0.687695 0.213689 -0.693840 8.886868
20747 11 8 20
-0.162896 0.169073 -0.972049 5.737864
6443 11 9 6
0.798811 0.286753 -0.528841 2.957248
11563 11 9 11
0.816842 -0.046749 0.574964 7.209470
12587 11 9 12
0.173245 0.841886 -0.511091 6.798662
15659 11 9 15
0.509046 0.380358 0.772140 8.097602
16683 11 9 16
0.771388 0.422711 -0.475685 8.440365
18731 11 9 18
-0.147463 0.267538 0.952196 9.064478
19755 11 9 19
-0.492856 0.594303 -0.635529 9.646184
22827 11 9 22
0.324815 0.725814 0.606373 5.943955
23851 11 9 23
0.617100 0.753706 0.226086 7.756261
24875 11 9 24
0.788728 0.606514 -0.100243 7.850523
25899 11 9 25
0.402920 0.915220 -0.005309 7.598666
26923 11 9 26
-0.162950 0.952807 -0.256138 7.279787
5451 11 10 5
0.095266 -0.816198 0.569865 2.395182
6475 11 10 6
0.486557 -0.748706 -0.450224 2.367727
11595 11 10 11
-0.117853 -0.355555 0.927195 6.629942
12619 11 10 12
-0.854227 -0.281036 -0.437397 7.805216
15691 11 10 15
0.500183 -0.109676 0.858946 8.432609
16715 11 10 16
0.738023 0.674733 0.007595 9.037932
17739 11 10 17
0.617090 0.778108 0.117253 8.940649
18763 11 10 18
0.437632 0.465630 0.769199 10.151880
19787 11 10 19
0.245310 0.807375 -0.536627 11.203237
20811 11 10 20
-0.172059 0.563093 -0.808283 8.570925
22859 11 10 22
0.145169 0.613130 0.776529 8.192066
23883 11 10 23
0.864315 0.476909 0.159744 9.411469
24907 11 10 24
0.839443 0.536906 -0.084073 9.232165
27979 11 10 27
-0.308424 0.514565 -0.800061 8.255423
12651 11 11 12
-0.594057 -0.801919 -0.063419 6.239708
13675 11 11 13
-0.753227 -0.621820 -0.214449 5.474968
15723 11 11 15
0.278412 -0.332639 0.901021 7.928425
16747 11 11 16
0.738172 -0.269106 0.618614 9.179646
17771 11 11 17
0.924953 -0.265654 0.271826 9.770859
19819 11 11 19
0.327455 -0.944693 0.018106 11.101670
20843 11 11 20
-0.489617 0.197622 -0.849247 10.132389
21867 11 11 21
-0.627913 0.760482 -0.165505 9.003122
22891 11 11 22
-0.655156 0.519069 0.548942 9.301566
23915 11 11 23
-0.848847 -0.323121 0.418392 9.743702
24939 11 11 24
-0.253637 -0.958353 0.131252 9.847791
25963 11 11 25
-0.031560 -0.918055 0.395194 10.096519
28011 11 11 27
-0.570204 -0.187443 -0.799833 9.383059
29035 11 11 28
-0.308457 0.043200 -0.950257 4.874884
15755 11 12 15
0.261624 -0.618105 0.741282 6.978569
17803 11 12 17
0.421917 -0.897687 -0.127056 7.878683
18827 11 12 18
0.099845 -0.990436 0.095223 7.722751
20875 11 12 20
-0.518772 -0.844499 0.133026 9.419214
21899 11 12 21
-0.714914 -0.685278 -0.138893 9.351803
22923 11 12 22
-0.866767 -0.472426 -0.159777 9.272730
23947 11 12 23
-0.638199 -0.688060 -0.345363 8.713798
24971 11 12 24
-0.191314 -0.939308 -0.284781 7.613025
25995 11 12 25
-0.000670 -0.997172 -0.075147 6.752873
28043 11 12 27
-0.446349 -0.830495 -0.333242 6.728984
29067 11 12 28
-0.343496 -0.479826 -0.807327 3.805406
15787 11 13 15
0.211932 -0.859049 0.465962 4.294704
16811 11 13 16
0.495060 -0.868572 -0.022318 5.204864
20907 11 13 20
-0.116402 -0.910937 0.395782 7.255486
22955 11 13 22
-0.218937 -0.947262 -0.234011 7.985287
23979 11 13 23
-0.405953 -0.679450 -0.611188 6.329544
22987 11 14 22
0.010334 -0.991049 -0.133101 4.532019
24011 11 14 23
-0.198739 -0.825142 -0.528814 3.170767
14923 11 18 14
-0.937853 0.094407 0.333944 3.300536
16971 11 18 16
-0.875706 0.440325 0.198125 4.685119
17995 11 18 17
-0.818834 0.569453 0.072341 5.182243
22091 11 18 21
-0.145857 0.976941 -0.155925 5.069757
14955 11 19 14
-0.566931 -0.715612 0.408031 2.372916
17003 11 19 16
-0.717514 -0.599419 0.354782 4.437896
18027 11 19 17
-0.767609 -0.519013 0.376034 5.545878
19051 11 19 18
-0.839074 -0.244290 0.486084 6.697278
20075 11 19 19
-0.906949 0.376692 -0.188537 7.058713
21099 11 19 20
-0.937363 0.106078 0.331811 6.942209
22123 11 19 21
0.837220 0.532163 -0.125958 7.320518
23147 11 19 22
0.609477 0.251548 -0.751839 5.892494
19083 11 20 18
-0.023507 -0.881185 0.472187 4.542077
20107 11 20 19
0.285554 -0.957856 0.031156 5.546481
22155 11 20 21
0.374245 -0.914695 0.152557 5.643267
23179 11 20 22
0.614670 -0.602826 -0.508706 5.103660
23211 11 21 22
0.398630 -0.871032 -0.287049 2.476844
15564 12 6 15
0.014617 0.754354 0.656305 8.254104
16588 12 6 16
-0.126194 0.981566 -0.143535 9.562671
17612 12 6 17
-0.204922 0.853481 -0.479142 8.249729
9452 12 7 9
0.535079 0.614510 0.579715 7.735616
10476 12 7 10
0.517659 0.794170 -0.318313 8.508801
11500 12 7 11
0.285706 0.461078 -0.840107 6.256801
14572 12 7 14
0.043405 0.423810 0.904711 7.663805
15596 12 7 15
0.155977 -0.563569 0.811210 9.614889
17644 12 7 17
-0.988186 -0.021609 -0.151729 9.845017
18668 12 7 18
-0.616199 0.237363 -0.750971 8.665088
19692 12 7 19
-0.476365 0.456073 -0.751713 6.256323
9484 12 8 9
0.240841 -0.680087 0.692442 7.920821
10508 12 8 10
-0.247878 -0.931284 -0.266959 8.631886
11532 12 8 11
-0.211946 0.105162 -0.971607 7.210614
12556 12 8 12
-0.085747 0.711359 -0.697579 4.990558
14604 12 8 14
0.383307 -0.286019 0.878219 7.855361
16652 12 8 16
-0.750008 -0.611709 0.251594 8.143944
17676 12 8 17
-0.743157 -0.664737 0.076439 8.830907
24844 12 8 24
0.010285 0.998439 -0.054905 5.518076
6444 12 9 6
0.732225 0.449486 0.511673 3.869631
7468 12 9 7
0.909565 -0.213673 -0.356419 3.621578
9516 12 9 9
0.023386 -0.923278 0.383420 4.909137
10540 12 9 10
-0.172810 -0.912133 0.371685 6.131385
11564 12 9 11
-0.838960 -0.359026 0.408958 7.046033
12588 12 9 12
-0.523276 0.575336 -0.628626 6.521935
14636 12 9 14
0.056108 -0.235025 0.970369 7.268780
15660 12 9 15
-0.922808 0.044915 -0.382633 7.704385
17708 12 9 17
-0.985821 -0.130891 0.105001 7.830414
22828 12 9 22
0.246779 0.694722 0.675620 6.820656
23852 12 9 23
-0.077940 0.824136 0.561004 8.693138
24876 12 9 24
0.058347 0.971387 -0.230223 9.444967
25900 12 9 25
-0.248066 0.758561 -0.602535 7.936611
12620 12 10 12
-0.523973 -0.377415 -0.763551 6.877562
14668 12 10 14
-0.367321 -0.496490 0.786494 6.609850
15692 12 10 15
-0.978578 -0.132213 0.157811 7.781063
17740 12 10 17
-0.835890 0.504103 0.217184 8.491451
18764 12 10 18
-0.790071 0.428517 0.438363 9.388176
19788 12 10 19
-0.813809 0.485664 -0.319133 10.055032
22860 12 10 22
-0.331375 0.091681 0.939034 7.808741
23884 12 10 23
-0.602133 -0.526682 0.600035 9.320580
26956 12 10 26
-0.880704 0.291981 -0.372971 8.397951
27980 12 10 27
-0.648134 0.282863 -0.707044 5.777793
11628 12 11 11
0.351128 -0.786782 0.507625 5.255377
12652 12 11 12
-0.063180 -0.866785 -0.494664 5.152058
17772 12 11 17
-0.987242 -0.140268 0.075358 9.124836
18796 12 11 18
-0.867429 -0.443844 0.224878 9.490681
19820 12 11 19
-0.822510 -0.558195 -0.109067 9.973107
24940 12 11 24
-0.788406 -0.612288 0.059322 8.325529
25964 12 11 25
-0.864931 -0.501009 -0.029718 8.341011
26988 12 11 26
-0.868723 -0.442302 -0.222912 7.857851
28012 12 11 27
-0.799531 -0.248149 -0.546967 5.834747
15756 12 12 15
-0.543332 -0.405353 0.735173 6.046251
16780 12 12 16
-0.720427 -0.604646 0.339689 8.063302
18828 12 12 18
-0.513973 -0.857404 -0.026269 6.931693
19852 12 12 19
-0.432205 -0.853047 0.292422 7.517642
24972 12 12 24
-0.524828 -0.845638 -0.097224 5.820839
25996 12 12 25
-0.537759 -0.832002 -0.136338 5.299211
27020 12 12 26
-0.641029 -0.753824 -0.144331 4.637252
28044 12 12 27
-0.735910 -0.595073 -0.322993 3.605458
16812 12 13 16
-0.379421 -0.900116 0.214081 5.531456
17836 12 13 17
-0.258713 -0.894269 -0.365173 5.230124
20908 12 13 20
0.106818 -0.616709 0.779910 7.187438
21932 12 13 21
0.410029 -0.910491 -0.053682 8.226657
22956 12 13 22
-0.249828 -0.483409 -0.838989 6.997951
17868 12 14 17
-0.069040 -0.996260 -0.051965 2.429050
18892 12 14 18
0.057077 -0.995859 -0.070764 2.157428
21964 12 14 21
0.418009 -0.906533 -0.058885 5.684578
22988 12 14 22
0.065267 -0.869299 -0.489959 4.462822
10828 12 18 10
0.609892 0.777709 0.152316 4.566558
11852 12 18 11
0.306670 0.502748 -0.808207 3.499976
23116 12 18 22
-0.105817 0.967240 -0.230758 4.003064
10860 12 19 10
0.993166 0.056203 -0.102286 6.115633
11884 12 19 11
0.534162 -0.107304 -0.838545 4.041156
19052 12 19 18
-0.857061 0.169871 0.486406 4.147896
20076 12 19 19
-0.759963 0.613360 0.215046 5.451106
22124 12 19 21
-0.581693 0.592848 0.556924 6.721352
23148 12 19 22
0.040563 0.824897 -0.563826 7.138875
24172 12 19 23
0.350579 0.305908 -0.885164 4.444944
10892 12 20 10
0.782397 -0.582835 -0.219448 4.872197
20108 12 20 19
-0.476190 -0.747000 0.463933 5.388927
21132 12 20 20
-0.061891 -0.995657 -0.069551 5.702036
23180 12 20 22
0.242871 -0.922686 -0.299441 6.601248
24204 12 20 23
0.391936 -0.398492 -0.829211 4.201010
23212 12 21 22
0.148954 -0.982841 -0.108795 3.236423
23276 12 23 22
-0.599413 -0.535997 -0.594483 0.473687
10445 13 6 10
0.349258 0.936216 -0.038963 6.894017
11469 13 6 11
0.365171 0.739063 -0.566071 5.525399
12493 13 6 12
0.342834 0.573291 -0.744179 3.060987
16589 13 6 16
-0.130951 0.850419 -0.509548 9.209024
18637 13 6 18
-0.354977 0.605700 -0.712123 5.394086
8429 13 7 8
0.103564 0.456638 0.883604 6.074058
9453 13 7 9
0.250605 0.520162 0.816474 8.953710
10477 13 7 10
0.555622 0.348940 -0.754669 9.434840
11501 13 7 11
0.290836 0.116332 -0.949674 7.261005
14573 13 7 14
-0.224529 0.497253 0.838049 7.167099
15597 13 7 15
-0.342224 -0.306443 0.888243 9.561951
16621 13 7 16
-0.270937 -0.759950 -0.590821 8.750573
18669 13 7 18
-0.804588 0.087915 -0.587290 6.417944
7437 13 8 7
0.468946 0.569674 0.674953 4.589307
8461 13 8 8
0.094802 -0.556978 0.825099 6.187200
9485 13 8 9
-0.014822 -0.916935 0.398761 8.004439
14605 13 8 14
-0.248448 -0.269271 0.930466 7.902474
15629 13 8 15
0.001101 -0.772994 -0.634412 8.200045
20749 13 8 20
0.597781 0.791164 0.129294 7.189732
21773 13 8 21
0.841576 0.537938 -0.048701 7.293349
22797 13 8 22
0.735687 0.609406 -0.295618 6.587361
6445 13 9 6
0.457056 0.329763 0.826049 4.674789
7469 13 9 7
0.632737 -0.393703 -0.666814 4.883641
17709 13 9 17
-0.937740 -0.140060 0.317848 6.081151
19757 13 9 19
0.076791 0.593537 0.801135 7.931395
20781 13 9 20
0.814082 -0.290463 -0.502893 7.921684
21805 13 9 21
0.929719 -0.350124 0.114172 7.624034
24877 13 9 24
-0.586608 0.713640 -0.382895 8.444908
25901 13 9 25
-0.592764 0.425496 -0.683802 5.920453
17741 13 10 17
-0.992503 0.088796 0.083977 6.148295
22861 13 10 22
0.478654 -0.513966 0.711849 7.668406
24909 13 10 24
-0.486433 -0.552602 -0.676767 8.820323
25933 13 10 25
-0.732715 -0.166214 -0.659926 6.518130
6509 13 11 6
0.993047 -0.114480 -0.027415 3.839307
11629 13 11 11
0.411090 -0.829978 0.377017 6.428845
12653 13 11 12
0.184981 -0.517092 -0.835702 5.488685
15725 13 11 15
-0.763621 -0.340747 0.548429 5.107583
16749 13 11 16
-0.985471 -0.026696 0.167732 6.276183
17773 13 11 17
-0.974758 -0.153765 -0.161874 6.078347
20845 13 11 20
-0.704170 0.665486 -0.247535 8.058759
21869 13 11 21
0.695614 0.673332 -0.250491 7.866162
6541 13 12 6
0.878153 -0.470155 -0.088321 3.289476
16781 13 12 16
-0.867354 -0.460538 0.188685 5.357965
17805 13 12 17
-0.868383 -0.423843 -0.257425 4.990585
20877 13 12 20
-0.014890 -0.341389 0.939804 7.932479
21901 13 12 21
0.805165 0.584433 -0.100739 8.613828
22925 13 12 22
0.558976 0.258184 -0.787964 7.442543
20909 13 13 20
0.197218 -0.091408 0.976089 7.670687
21933 13 13 21
0.997751 0.053601 0.040237 9.200177
22957 13 13 22
0.599466 -0.178415 -0.780262 7.739229
20941 13 14 20
0.411380 -0.549575 0.727141 6.548321
21965 13 14 21
0.552288 -0.802780 -0.224771 7.764888
21997 13 15 21
0.426367 -0.875610 -0.226977 3.894302
10829 13 18 10
-0.144810 0.985941 -0.083369 5.377729
9837 13 19 9
0.366698 0.479326 0.797358 6.954409
10861 13 19 10
0.222634 0.715016 -0.662711 8.096856
11885 13 19 11
0.118913 0.251310 -0.960574 5.297638
23149 13 19 22
-0.563838 0.808426 0.168920 6.209193
24173 13 19 23
-0.007757 0.646326 -0.763022 5.189347
9869 13 20 9
0.630322 -0.473504 0.615213 7.058410
10893 13 20 10
0.521397 -0.735179 -0.433195 7.459126
21133 13 20 20
-0.664274 -0.424725 0.615101 5.180390
23181 13 20 22
-0.200086 -0.948190 0.246781 6.711987
24205 13 20 23
0.342719 -0.432275 -0.834076 5.578943
9901 13 21 9
0.524789 -0.818606 0.233413 4.049860
21165 13 21 20
0.041375 -0.975706 0.215142 3.202629
23213 13 21 22
0.194724 -0.978908 0.061819 3.787747
16526 14 4 16
0.185123 0.959440 0.212611 3.196954
16558 14 5 16
0.018724 0.973059 0.229793 6.684597
17582 14 5 17
-0.020106 0.685513 -0.727782 5.665111
9422 14 6 9
0.062993 0.836976 0.543602 6.657390
10446 14 6 10
0.090158 0.992419 -0.083526 7.890266
11470 14 6 11
0.037029 0.713674 -0.699498 6.286333
12494 14 6 12
0.093149 0.524976 -0.846004 3.619509
15566 14 6 15
-0.172447 0.614763 0.769628 7.461480
16590 14 6 16
-0.519867 0.590857 -0.616949 8.809435
17614 14 6 17
-0.373781 -0.022615 -0.927241 6.673632
18638 14 6 18
-0.457985 0.243399 -0.854989 4.144660
9454 14 7 9
-0.043658 0.309581 0.949870 9.198996
10478 14 7 10
-0.312139 -0.085164 -0.946211 9.707365
11502 14 7 11
-0.189688 0.022851 -0.981579 7.550724
12526 14 7 12
-0.041898 0.296440 -0.954132 4.716912
15598 14 7 15
-0.444937 0.200543 0.872820 9.106753
16622 14 7 16
-0.043662 -0.575945 -0.816322 8.417596
21742 14 7 21
0.312537 0.949334 0.032941 6.359397
22766 14 7 22
0.219751 0.903132 -0.368866 5.487442
7438 14 8 7
-0.058079 0.693955 0.717672 4.966477
9486 14 8 9
0.091094 -0.846291 0.524875 8.194788
10510 14 8 10
-0.023110 -0.920270 -0.390600 8.532570
11534 14 8 11
-0.217906 -0.297692 -0.929460 7.099977
12558 14 8 12
-0.038428 0.092035 -0.995014 5.138997
15630 14 8 15
-0.040886 -0.899240 -0.435542 8.247664
17678 14 8 17
0.237007 -0.970233 0.049760 5.822932
20750 14 8 20
0.577765 0.613576 0.538249 8.795876
21774 14 8 21
0.751273 0.604587 0.264697 9.749632
22798 14 8 22
0.516764 0.663639 -0.540869 9.244762
23822 14 8 23
0.207373 0.707427 -0.675680 6.631561
6446 14 9 6
-0.345868 0.458106 0.818849 4.929798
10542 14 9 10
0.542800 -0.740605 0.396072 7.240496
11566 14 9 11
-0.327544 0.085030 -0.941002 6.796852
12590 14 9 12
-0.140168 0.154107 -0.978061 5.281057
15662 14 9 15
-0.034796 -0.968809 -0.245353 5.985682
19758 14 9 19
-0.042042 -0.444469 0.894807 8.058476
20782 14 9 20
-0.133949 -0.986501 0.094200 8.358912
22830 14 9 22
0.809597 -0.518238 -0.275649 9.600562
24878 14 9 24
-0.301046 0.598835 -0.742137 6.751715
5454 14 10 5
-0.060542 0.144075 0.987713 3.314055
6478 14 10 6
-0.431427 -0.235005 0.871001 5.213703
10574 14 10 10
0.293854 -0.478077 0.827703 6.632387
11598 14 10 11
-0.869434 0.090791 -0.485636 7.034675
12622 14 10 12
-0.243553 0.166137 -0.955552 5.704731
16718 14 10 16
-0.797681 -0.518274 0.308378 4.384705
19790 14 10 19
-0.641220 -0.757934 0.119887 6.848092
22862 14 10 22
0.456787 -0.866719 -0.200361 8.269917
24910 14 10 24
-0.205420 0.107840 -0.972714 7.908872
6510 14 11 6
-0.472383 -0.651426 0.593716 5.047983
11630 14 11 11
-0.496532 -0.811043 0.309296 6.595513
12654 14 11 12
-0.175065 -0.253494 -0.951364 5.642103
21870 14 11 21
-0.502551 0.680128 0.533731 8.128386
23918 14 11 23
-0.054396 -0.577012 0.814922 7.683843
24942 14 11 24
0.225353 -0.401163 -0.887854 7.512187
5518 14 12 5
0.159903 -0.392885 0.905578 3.197110
6542 14 12 6
0.142182 -0.988965 0.041626 4.496343
11662 14 12 11
0.083919 -0.954463 0.286282 5.160823
12686 14 12 12
-0.066107 -0.667522 -0.741649 4.393758
19854 14 12 19
-0.329532 -0.139338 0.933806 5.662199
21902 14 12 21
-0.202746 0.783882 0.586876 9.029756
24974 14 12 24
0.410954 -0.408105 -0.815210 6.474665
6574 14 13 6
0.228667 -0.971339 0.064898 2.559894
12718 14 13 12
-0.078933 -0.881448 -0.465638 2.174068
22958 14 13 22
0.517375 -0.028791 -0.855274 9.548387
23982 14 13 23
0.550694 -0.293109 -0.781552 7.441854
25006 14 13 24
0.480394 -0.449052 -0.753375 5.187681
20942 14 14 20
0.144038 -0.420552 0.895762 7.755415
21966 14 14 21
0.147166 -0.968105 -0.202767 9.147480
22990 14 14 22
0.289515 -0.827130 -0.481702 7.506609
24014 14 14 23
0.453316 -0.748935 -0.483322 5.330958
20974 14 15 20
0.202193 -0.831045 0.518153 4.915055
21998 14 15 21
0.177083 -0.937883 -0.298358 5.362669
10830 14 18 10
-0.464975 0.845056 -0.263968 3.973098
9838 14 19 9
-0.104908 0.845443 0.523661 7.441721
10862 14 19 10
-0.452097 0.749133 -0.484157 7.283256
24174 14 19 23
-0.443564 0.851137 -0.280743 4.369412
9870 14 20 9
0.614444 -0.277699 0.738473 8.828897
10894 14 20 10
0.301286 -0.355801 -0.884665 8.488618
11918 14 20 11
0.640244 0.178654 -0.747108 6.989567
12942 14 20 12
0.436698 0.109200 -0.892956 4.256376
21134 14 20 20
-0.614350 0.208082 0.761102 4.014334
22158 14 20 21
-0.788351 0.385925 0.479128 5.029868
23182 14 20 22
-0.642457 0.185169 0.743614 6.014184
24206 14 20 23
-0.064094 0.134526 -0.988835 6.155130
9902 14 21 9
0.598928 -0.784256 0.161951 6.553712
11950 14 21 11
0.755614 -0.591667 -0.281030 5.818490
21166 14 21 20
-0.158895 -0.804159 0.572783 3.047178
22190 14 21 21
0.072740 -0.986386 0.147483 3.835021
24238 14 21 23
0.390292 -0.853830 -0.344452 4.618281
13487 15 5 13
0.556633 0.694403 -0.456031 1.806719
16559 15 5 16
-0.331795 0.931069 0.151733 6.003774
17583 15 5 17
-0.382399 0.491756 -0.782270 4.749668
9423 15 6 9
-0.310190 0.764504 0.565081 6.141721
10447 15 6 10
-0.291936 0.955993 0.029174 7.600696
11471 15 6 11
0.177792 0.657496 -0.732181 6.503687
15567 15 6 15
-0.047818 0.626258 0.778148 6.780340
9455 15 7 9
-0.529372 0.365720 0.765516 8.541924
10479 15 7 10
-0.606371 -0.099169 -0.788974 8.991571
13551 15 7 13
0.454666 0.884315 0.106145 3.643248
15599 15 7 15
-0.347700 0.135138 0.927816 8.259109
16623 15 7 16
0.295903 -0.376991 -0.877678 8.502413
21743 15 7 21
-0.197802 0.957121 -0.211645 6.618956
22767 15 7 22
-0.315777 0.865536 -0.388756 5.080817
7439 15 8 7
-0.589712 0.273797 0.759786 4.188234
8463 15 8 8
-0.379514 -0.376597 0.845070 6.187440
9487 15 8 9
-0.269780 -0.747949 0.606458 8.061904
13583 15 8 13
-0.844239 -0.007645 0.535913 4.041355
15631 15 8 15
-0.651684 -0.726101 0.219286 7.648519
17679 15 8 17
0.898777 -0.407567 0.161521 6.548790
19727 15 8 19
0.342048 0.542866 0.767007 8.390084
20751 15 8 20
-0.707597 0.095933 0.700074 9.336202
21775 15 8 21
-0.748838 0.647568 0.141060 9.745955
22799 15 8 22
-0.394847 0.817768 -0.418751 9.256969
23823 15 8 23
-0.200089 0.734374 -0.648583 6.623577
7471 15 9 7
-0.930311 -0.355736 0.089293 4.011876
9519 15 9 9
-0.100345 -0.632181 0.768295 6.198382
10543 15 9 10
0.028187 -0.910532 -0.412477 7.308357
13615 15 9 13
-0.600406 -0.705064 -0.377356 3.640670
15663 15 9 15
-0.244747 -0.969448 -0.016430 5.760494
18735 15 9 18
0.161864 -0.564485 0.809417 7.314614
22831 15 9 22
-0.110094 -0.899870 -0.422035 10.470007
23855 15 9 23
0.072837 0.449259 -0.890428 9.141342
24879 15 9 24
0.017092 0.629176 -0.777075 6.453439
7503 15 10 7
-0.818804 -0.252116 -0.515750 3.233014
10575 15 10 10
-0.178733 -0.846044 0.502258 6.681480
17743 15 10 17
0.062100 -0.680823 0.729810 5.199712
18767 15 10 18
-0.257194 -0.965850 0.031399 6.020890
22863 15 10 22
0.226799 -0.973539 -0.027998 8.911062
24911 15 10 24
0.444106 0.390479 -0.806409 8.457393
7535 15 11 7
-0.533053 0.090903 -0.841184 3.040328
10607 15 11 10
-0.273970 -0.788776 0.550249 5.364908
12655 15 11 12
-0.606861 -0.376396 -0.700033 4.604535
24943 15 11 24
0.735862 -0.366173 -0.569583 8.537945
25967 15 11 25
0.357119 -0.013936 -0.933955 5.574883
10639 15 12 10
-0.399884 -0.745827 0.532761 3.627900
11663 15 12 11
-0.712625 -0.694390 -0.099942 4.166612
12687 15 12 12
-0.620455 -0.582600 -0.524989 3.179280
18831 15 12 18
-0.244138 -0.387408 0.888995 2.824707
19855 15 12 19
-0.470701 0.169281 0.865901 4.813784
7599 15 13 7
0.376009 -0.725859 -0.575974 2.752438
19887 15 13 19
-0.329044 -0.131091 0.935171 4.858029
20911 15 13 20
-0.481698 0.187806 0.855977 7.581923
21935 15 13 21
-0.537769 0.115555 0.835136 9.643129
22959 15 13 22
0.200240 0.002760 -0.979743 9.977727
25007 15 13 24
0.687816 -0.265591 -0.675552 6.729416
20943 15 14 20
-0.540370 -0.409459 0.735081 7.162595
22991 15 14 22
0.003605 -0.974754 -0.223251 8.093579
24015 15 14 23
0.532486 -0.766305 -0.359493 7.065690
20975 15 15 20
-0.277446 -0.781355 0.559024 4.879656
21999 15 15 21
-0.196373 -0.944414 -0.263665 5.389608
9839 15 19 9
-0.292285 0.947637 0.128659 6.565621
8847 15 20 8
0.075134 0.237449 0.968490 6.358824
9871 15 20 9
0.156078 0.914534 0.373185 9.523417
11919 15 20 11
0.161790 0.927556 -0.336845 8.009701
12943 15 20 12
0.140018 0.368831 -0.918890 5.403899
22159 15 20 21
-0.630347 0.709287 0.315555 3.778075
23183 15 20 22
-0.550393 0.676414 0.489419 4.721325
24207 15 20 23
-0.554864 0.777779 -0.295274 5.345608
25231 15 20 24
-0.223329 0.322331 -0.919906 3.183806
8879 15 21 8
0.265456 -0.323956 0.908067 6.114576
9903 15 21 9
0.652230 -0.725091 0.220998 9.092406
10927 15 21 10
0.724535 -0.676250 -0.133175 8.755327
11951 15 21 11
0.745418 -0.556266 -0.367316 8.549712
12975 15 21 12
0.338339 -0.256631 -0.905355 5.559567
22191 15 21 21
-0.089480 -0.905498 0.414810 3.804718
23215 15 21 22
-0.045637 -0.805674 0.590598 4.751974
24239 15 21 23
0.041733 -0.923536 -0.381234 5.344848
9935 15 22 9
0.510833 -0.850396 0.126004 5.493476
11983 15 22 11
0.524642 -0.832589 -0.177614 5.630723
16560 16 5 16
0.205214 0.976525 -0.065472 5.943226
11472 16 6 11
-0.384538 0.923102 0.003750 6.576248
12496 16 6 12
0.453214 0.643509 -0.616842 5.892413
15568 16 6 15
0.379805 0.500384 0.778051 7.541945
16592 16 6 16
0.616734 0.753268 -0.228529 8.918102
17616 16 6 17
0.432708 0.489707 -0.756935 6.590180
19664 16 6 19
0.360255 0.910459 0.203179 4.726805
20688 16 6 20
0.149922 0.887385 -0.435972 4.274377
9456 16 7 9
-0.734800 0.399036 0.548488 6.294960
10480 16 7 10
-0.833547 0.471147 0.288479 7.869099
11504 16 7 11
0.274648 0.023817 -0.961250 7.580992
14576 16 7 14
0.111896 -0.328759 0.937762 5.040604
15600 16 7 15
-0.034268 -0.353722 0.934723 7.836426
16624 16 7 16
0.853061 -0.515224 0.082652 9.645292
17648 16 7 17
0.667511 0.300196 -0.681404 8.272745
20720 16 7 20
-0.280101 0.869075 -0.407741 7.186171
8464 16 8 8
-0.719731 -0.162380 0.674996 4.334005
9488 16 8 9
-0.683002 -0.228396 0.693789 6.793105
10512 16 8 10
-0.788667 -0.581107 0.200794 8.118978
11536 16 8 11
0.526833 -0.289781 -0.799046 7.205336
17680 16 8 17
0.854003 -0.517787 0.050740 8.186579
18704 16 8 18
0.472534 0.691103 -0.546890 7.940122
19728 16 8 19
-0.992174 -0.114514 0.049780 7.820264
9520 16 9 9
-0.451815 -0.496791 0.740987 5.307706
10544 16 9 10
-0.548728 -0.740049 0.388875 7.211149
11568 16 9 11
0.153717 -0.397027 -0.904843 6.529151
15664 16 9 15
-0.643964 -0.694424 0.321070 4.582843
18736 16 9 18
-0.143069 -0.989146 -0.033481 7.123940
22832 16 9 22
-0.990101 0.122439 -0.068618 9.255838
10576 16 10 10
-0.693894 -0.600978 0.396657 5.862183
11600 16 10 11
-0.581620 -0.593561 -0.556241 5.660401
12624 16 10 12
-0.478613 -0.358646 -0.801438 4.130872
15696 16 10 15
-0.320203 -0.886193 0.334860 2.657658
17744 16 10 17
-0.268076 -0.837282 0.476543 4.787415
21840 16 10 21
-0.560792 -0.436217 0.703723 7.491363
23888 16 10 23
-0.784137 0.204239 0.586017 9.372307
24912 16 10 24
-0.339410 0.567179 -0.750406 8.873065
5488 16 11 5
-0.140592 0.906155 0.398895 3.345554
6512 16 11 6
-0.360329 0.806922 -0.468017 3.249430
10608 16 11 10
-0.690926 -0.666081 0.280995 3.976514
11632 16 11 11
-0.689640 -0.683297 -0.239793 3.956743
17776 16 11 17
-0.166585 -0.888844 0.426855 2.957234
19824 16 11 19
0.268696 -0.333002 0.903832 4.235472
21872 16 11 21
-0.429376 0.077233 0.899817 6.938393
23920 16 11 23
0.186543 0.296443 0.936655 9.540873
24944 16 11 24
-0.386495 -0.231197 -0.892844 9.381447
25968 16 11 25
-0.187050 0.056788 -0.980708 6.164639
5520 16 12 5
0.086650 0.425520 0.900791 4.826783
6544 16 12 6
-0.099404 0.487200 -0.867615 4.640580
7568 16 12 7
-0.209767 0.499842 -0.840330 3.130717
20880 16 12 20
-0.492465 0.088143 0.865857 5.479869
22928 16 12 22
0.414127 0.740084 0.529882 9.847259
23952 16 12 23
0.887912 0.320933 -0.329568 10.120732
26000 16 12 25
0.114287 0.103195 -0.988074 6.256831
4528 16 13 4
-0.136280 -0.556516 0.819584 2.422013
5552 16 13 5
0.082733 -0.933078 0.350029 3.901936
6576 16 13 6
0.046450 -0.960632 -0.273913 3.940367
7600 16 13 7
-0.108002 -0.730852 -0.673937 3.077159
21936 16 13 21
-0.434717 -0.203298 0.877320 8.299438
22960 16 13 22
0.325718 -0.708103 0.626496 10.428676
23984 16 13 23
0.821816 -0.309141 -0.478592 10.126854
25008 16 13 24
0.871136 0.092991 -0.482156 8.933864
22992 16 14 22
0.010879 -0.941323 0.337333 8.020948
26064 16 14 25
0.904580 0.194369 -0.379415 8.718786
24048 16 15 23
0.478128 -0.766014 0.429669 6.240995
25072 16 15 24
0.674300 -0.674238 0.301202 7.844709
26096 16 15 25
0.841220 -0.499473 -0.207064 8.059080
8848 16 20 8
-0.069741 0.371049 0.925991 6.330017
9872 16 20 9
-0.075998 0.978582 0.191314 9.502981
10896 16 20 10
-0.069158 0.930616 -0.359403 8.527274
11920 16 20 11
-0.171818 0.969502 -0.174771 7.902936
12944 16 20 12
-0.022766 0.562027 -0.826806 5.638286
24208 16 20 23
-0.428888 0.885217 -0.180127 3.925938
8880 16 21 8
0.030440 -0.169346 0.985086 6.903660
9904 16 21 9
0.474320 -0.639924 0.604581 10.588891
10928 16 21 10
0.553628 -0.474403 -0.684425 10.051254
11952 16 21 11
0.294933 -0.420840 -0.857851 9.651774
12976 16 21 12
0.205974 -0.082077 -0.975109 6.871038
22192 16 21 21
0.192312 -0.199491 0.960843 3.770564
24240 16 21 23
-0.329458 -0.614101 -0.717174 5.077652
25264 16 21 24
-0.177180 -0.191644 -0.965339 2.867322
9936 16 22 9
0.316012 -0.924518 0.213077 7.565195
11984 16 22 11
0.232681 -0.957513 -0.170379 7.293629
13008 16 22 12
0.298864 -0.603041 -0.739609 5.037574
9968 16 23 9
0.273977 -0.951689 0.138657 3.111292
12016 16 23 11
0.179164 -0.978532 -0.101857 3.145307
15537 17 5 15
-0.117043 0.887009 0.446672 5.342395
16561 17 5 16
-0.208557 0.969363 -0.129764 6.199556
17585 17 5 17
-0.182895 0.786762 -0.589538 4.406466
12497 17 6 12
-0.770633 0.633772 0.066773 5.089470
13521 17 6 13
-0.637292 0.764291 -0.098585 4.930619
14545 17 6 14
-0.356795 0.409526 0.839634 5.538941
15569 17 6 15
-0.337264 0.320347 0.885229 8.094123
16593 17 6 16
-0.518540 0.846289 -0.122116 9.623888
17617 17 6 17
-0.179194 0.633738 -0.752506 7.545372
19665 17 6 19
-0.634122 0.771622 -0.049886 4.321122
11505 17 7 11
-0.920156 0.323210 0.221018 6.056442
12529 17 7 12
-0.956990 0.203896 -0.206388 6.275696
13553 17 7 13
-0.566029 -0.290361 -0.771558 5.333768
16625 17 7 16
-0.606138 -0.465133 0.645173 10.074290
17649 17 7 17
-0.227035 0.418939 -0.879173 9.521294
19697 17 7 19
-0.983236 0.178304 -0.038133 5.640402
20721 17 7 20
-0.908625 0.314415 -0.274852 5.392298
21745 17 7 21
-0.559162 0.627189 -0.542191 3.856954
10513 17 8 10
-0.936247 -0.005412 0.351301 5.676211
11537 17 8 11
-0.985701 -0.164856 0.034859 6.452288
12561 17 8 12
-0.676037 -0.522570 -0.519514 6.032412
13585 17 8 13
-0.194635 -0.505143 -0.840802 4.565443
16657 17 8 16
-0.092033 -0.604510 0.791263 8.114180
17681 17 8 17
0.275838 -0.860955 -0.427399 9.657955
20753 17 8 20
-0.989297 -0.124837 0.075541 5.539134
21777 17 8 21
-0.937905 0.330449 -0.105538 5.579868
22801 17 8 22
-0.694319 0.639060 -0.330943 4.732555
11569 17 9 11
-0.853240 -0.512258 -0.097842 5.224339
12593 17 9 12
-0.532515 -0.733086 -0.423099 4.445717
13617 17 9 13
-0.272687 -0.750698 -0.601743 3.078115
17713 17 9 17
0.510184 -0.834010 0.210096 7.855208
18737 17 9 18
0.166156 -0.690452 -0.704037 7.216767
19761 17 9 19
-0.519484 0.036810 -0.853687 5.899417
22833 17 9 22
-0.978214 0.202092 -0.047511 6.341403
23857 17 9 23
-0.810153 0.529430 -0.251707 5.792271
24881 17 9 24
-0.553185 0.641466 -0.531515 4.283541
19793 17 10 19
0.887073 -0.425788 0.178345 5.592477
20817 17 10 20
0.658665 0.536357 0.527714 5.778078
24913 17 10 24
-0.857037 0.255246 -0.447590 6.266406
25937 17 10 25
-0.543869 0.290150 -0.787413 3.428591
24945 17 11 24
-0.905078 0.058100 -0.421258 6.700335
25969 17 11 25
-0.644660 0.167165 -0.745969 4.187190
6545 17 12 6
-0.868082 0.296502 -0.398145 3.540457
18833 17 12 18
0.377576 -0.707167 0.597789 3.271757
22929 17 12 22
-0.594066 0.651020 0.472502 9.602612
23953 17 12 23
-0.793415 0.499035 -0.348507 9.497727
24977 17 12 24
-0.726900 0.449543 -0.519160 7.665184
6577 17 13 6
-0.716045 -0.667094 -0.205586 3.006221
22961 17 13 22
-0.561722 -0.411433 0.717768 10.101688
23985 17 13 23
-0.927613 0.014759 -0.373252 10.589902
25009 17 13 24
-0.478138 0.730212 -0.488031 9.570821
26033 17 13 25
-0.081957 0.901163 -0.425662 8.562369
27057 17 13 26
0.231405 0.669808 -0.705556 6.187665
24017 17 14 23
0.035462 -0.841074 0.539756 9.744170
26065 17 14 25
-0.558653 0.749733 -0.354693 10.388324
27089 17 14 26
0.262694 0.507318 -0.820744 8.827589
24049 17 15 23
0.313196 -0.827189 0.466548 7.761353
26097 17 15 25
-0.225750 -0.950511 0.213461 9.773082
27121 17 15 26
0.283533 -0.589210 -0.756598 9.092423
28145 17 15 27
0.276610 -0.231484 -0.932685 5.787615
25105 17 16 24
0.077490 -0.953264 0.292032 5.677017
26129 17 16 25
0.047729 -0.997797 0.046070 6.500425
27153 17 16 26
0.116875 -0.928625 -0.352131 5.780178
8849 17 20 8
-0.204064 0.380299 0.902070 5.614717
9873 17 20 9
-0.216306 0.931399 0.292758 9.018039
10897 17 20 10
-0.098147 0.907335 -0.408791 8.189212
11921 17 20 11
-0.298300 0.927609 -0.224854 6.892685
12945 17 20 12
-0.187169 0.764003 -0.617469 5.186768
9905 17 21 9
-0.246864 -0.149377 0.957468 10.764592
10929 17 21 10
0.184027 0.185357 -0.965286 10.477781
11953 17 21 11
-0.428393 0.579607 -0.693206 9.426986
12977 17 21 12
0.082657 0.237643 -0.967829 7.535384
21169 17 21 20
0.267021 0.728951 0.630342 3.223071
22193 17 21 21
0.084261 0.869697 0.486341 3.922652
24241 17 21 23
-0.227870 0.176062 -0.957642 4.708265
9937 17 22 9
0.072700 -0.892670 0.444808 8.492590
10961 17 22 10
0.288373 -0.931105 -0.223347 8.635880
11985 17 22 11
0.164380 -0.970234 -0.177833 7.929745
13009 17 22 12
0.337726 -0.693239 -0.636680 6.432691
21201 17 22 20
0.640580 -0.683536 0.349907 3.204585
22225 17 22 21
0.439845 -0.894030 0.085128 3.445922
24273 17 22 23
0.153181 -0.827490 -0.540182 3.393419
9969 17 23 9
0.148959 -0.954858 0.257017 4.015664
15570 18 6 15
-0.909477 0.086291 0.406701 5.207890
16594 18 6 16
-0.964556 0.260281 -0.043431 6.160269
16626 18 7 16
-0.955403 -0.049217 0.291173 6.564614
17650 18 7 17
-0.908165 0.335299 -0.250621 6.725167
17682 18 8 17
-0.962723 0.267267 -0.041626 8.022122
17714 18 9 17
-0.876796 -0.413699 0.245117 8.282554
16722 18 10 16
0.392177 -0.278281 0.876788 5.662035
17746 18 10 17
0.377033 -0.926032 0.017619 6.889137
18770 18 10 18
0.378193 -0.920546 -0.097799 6.617562
19794 18 10 19
0.978793 0.004293 0.204805 6.753901
22866 18 10 22
0.075367 0.871697 -0.484216 5.930350
16754 18 11 16
0.628145 -0.687647 0.364110 4.264548
19826 18 11 19
-0.057821 -0.781636 0.621049 6.058841
20850 18 11 20
0.340416 -0.592557 0.730064 6.905670
21874 18 11 21
0.780706 0.375978 0.499138 7.570875
22898 18 11 22
-0.263770 0.285141 -0.921477 7.014105
19858 18 12 19
-0.288628 -0.843299 0.453367 4.464075
20882 18 12 20
-0.179312 -0.652507 0.736262 5.687632
21906 18 12 21
-0.434751 -0.181786 0.882012 7.339457
22930 18 12 22
-0.850007 0.320282 -0.418220 7.499955
21938 18 13 21
-0.086352 0.072491 0.993624 7.393384
22962 18 13 22
-0.970964 0.232524 -0.056234 8.269050
27058 18 13 26
-0.128970 0.778239 -0.614581 6.309086
9682 18 14 9
0.876291 0.481588 -0.013672 4.104547
20946 18 14 20
0.580046 0.018679 0.814370 5.121824
21970 18 14 21
0.564994 -0.299930 0.768650 7.136265
25042 18 14 24
-0.949347 0.310503 -0.048261 9.446779
28114 18 14 27
0.026006 0.379359 -0.924884 5.789701
10738 18 15 10
0.618057 0.163802 -0.768878 4.189894
11762 18 15 11
0.304239 -0.004582 -0.952585 1.990855
22002 18 15 21
0.852854 -0.221060 0.473046 6.517537
23026 18 15 22
0.787795 -0.415209 0.454951 7.717542
24050 18 15 23
0.285844 -0.915126 0.284318 8.456543
28146 18 15 27
-0.172198 -0.404825 -0.898033 5.761423
9746 18 16 9
0.603895 -0.651467 0.459240 3.883919
10770 18 16 10
0.550068 -0.580004 -0.600850 3.512603
9874 18 20 9
-0.520366 0.735998 0.433044 7.514470
10898 18 20 10
-0.249962 0.910095 -0.330523 7.487971
9906 18 21 9
-0.566028 0.073698 0.821085 9.409145
10930 18 21 10
-0.321910 0.771887 -0.548238 10.480657
12978 18 21 12
-0.253123 0.763137 -0.594602 7.288559
14002 18 21 13
0.259300 0.643734 -0.719979 4.977898
21170 18 21 20
-0.032428 0.987088 0.156864 3.449628
23218 18 21 22
-0.030266 0.943541 0.329870 5.114336
24242 18 21 23
-0.313179 0.339052 -0.887109 4.086560
9938 18 22 9
-0.291026 -0.618813 0.729640 8.011667
10962 18 22 10
0.158597 -0.985055 -0.067178 9.610819
11986 18 22 11
0.287569 -0.868102 -0.404602 8.672990
13010 18 22 12
0.404046 -0.779757 -0.478253 7.640797
14034 18 22 13
0.757186 -0.190447 -0.624819 6.022509
20178 18 22 19
0.633295 -0.220657 0.741787 3.406776
21202 18 22 20
0.445343 -0.892650 -0.069607 4.143279
23250 18 22 22
0.188273 -0.981661 0.029906 4.768118
24274 18 22 23
-0.117386 -0.618283 -0.777140 3.471273
9970 18 23 9
-0.091983 -0.873838 0.477438 4.204803
10994 18 23 10
0.168391 -0.985643 0.012374 5.348779
14066 18 23 13
0.626525 -0.753492 -0.199290 3.882772
17683 19 8 17
-0.872679 0.428741 0.233691 4.403106
19731 19 8 19
0.585677 0.795392 -0.155997 5.052788
17715 19 9 17
-0.952198 0.264768 0.152371 5.732039
11603 19 10 11
0.642217 0.547859 -0.536104 2.219672
12627 19 10 12
0.715046 0.545442 -0.437267 1.542228
16723 19 10 16
-0.634173 0.235468 0.736464 5.282698
17747 19 10 17
-0.984894 -0.154807 -0.077586 6.052817
19795 19 10 19
-0.317936 -0.504342 0.802842 7.017730
20819 19 10 20
0.764693 -0.340316 0.547201 8.088278
21843 19 10 21
0.858437 0.444637 -0.255701 8.109962
22867 19 10 22
0.535198 0.541348 -0.648463 6.898727
7539 19 11 7
0.641139 0.310819 0.701664 5.249383
8563 19 11 8
0.988055 0.132387 -0.078869 6.175643
10611 19 11 10
0.868263 0.058596 -0.492632 4.379988
16755 19 11 16
-0.195562 -0.748766 0.633329 5.011558
17779 19 11 17
-0.132292 -0.916581 -0.377330 5.016288
21875 19 11 21
-0.067716 -0.940115 0.334062 7.499609
23923 19 11 23
0.573077 0.102030 -0.813126 5.162925
6547 19 12 6
0.267295 -0.339552 0.901808 2.785512
8595 19 12 8
0.381068 -0.918694 -0.103871 5.096849
10643 19 12 10
0.759785 -0.386078 -0.523134 3.855219
26003 19 12 25
0.702542 0.651242 -0.286913 5.929423
9651 19 13 9
0.483841 -0.414353 -0.770850 3.955387
17843 19 13 17
0.907565 -0.372489 0.193849 2.808682
19891 19 13 19
0.465944 0.281128 0.838965 3.412127
22963 19 13 22
-0.007432 0.746385 -0.665473 7.403382
25011 19 13 24
0.211206 0.800774 0.560493 7.568134
28083 19 13 27
0.054438 0.656914 -0.751998 4.073299
9683 19 14 9
-0.746212 0.427893 0.509975 4.217980
17875 19 14 17
0.595234 -0.768389 0.235105 1.821831
22995 19 14 22
0.267268 0.677443 -0.685302 8.264279
25043 19 14 24
-0.487769 0.450330 0.747853 8.896331
26067 19 14 25
0.484737 0.733166 -0.476966 9.218083
28115 19 14 27
-0.060857 0.230142 -0.971252 5.752149
9715 19 15 9
-0.704209 0.040625 0.708830 4.495434
10739 19 15 10
-0.471604 0.230943 -0.851032 4.285935
19955 19 15 19
0.416191 0.042117 0.908301 4.960657
20979 19 15 20
0.729290 0.275852 0.626132 7.701404
24051 19 15 23
-0.950909 -0.288417 -0.112194 8.363774
25075 19 15 24
-0.503354 -0.731636 0.459722 8.792176
26099 19 15 25
0.064090 -0.977514 -0.200893 9.104068
27123 19 15 26
-0.135708 -0.663008 -0.736209 7.990391
28147 19 15 27
-0.184777 -0.489916 -0.851962 5.067051
9747 19 16 9
-0.488350 -0.530666 0.692754 4.027079
10771 19 16 10
-0.284719 -0.557686 -0.779693 3.985007
21011 19 16 20
0.698560 -0.441614 0.563020 7.369841
22035 19 16 21
0.661950 -0.749341 -0.017617 8.453625
23059 19 16 22
0.175879 -0.898460 -0.402289 7.513720
24083 19 16 23
-0.116478 -0.979684 -0.163252 6.318044
25107 19 16 24
-0.121427 -0.990511 0.064374 6.257780
26131 19 16 25
-0.075848 -0.987039 -0.141428 6.219324
27155 19 16 26
-0.122162 -0.872856 -0.472440 4.854824
10803 19 17 10
0.048697 -0.890711 -0.451954 2.227640
22067 19 17 21
0.268970 -0.950565 -0.155185 4.692289
9875 19 20 9
-0.710996 0.528675 0.463667 4.532470
10899 19 20 10
-0.533056 0.845108 -0.040541 5.594182
9907 19 21 9
-0.676374 0.141313 0.722875 6.271677
10931 19 21 10
-0.746767 0.606871 0.272116 8.935759
11955 19 21 11
-0.295578 0.794603 -0.530321 8.161898
14003 19 21 13
-0.095020 0.969533 -0.225781 5.284383
23219 19 21 22
-0.359864 0.927218 -0.103755 4.696576
24243 19 21 23
-0.384499 0.338244 -0.858925 3.039185
9939 19 22 9
-0.535061 -0.335359 0.775399 5.750552
10963 19 22 10
-0.545336 -0.637369 0.544399 9.005563
11987 19 22 11
0.000842 -0.791403 -0.611295 9.175055
14035 19 22 13
0.734064 0.556634 -0.388984 7.932233
15059 19 22 14
0.719377 0.413279 -0.558298 6.778941
20179 19 22 19
0.279641 -0.282077 0.917733 4.223923
21203 19 22 20
-0.526385 -0.792228 -0.308696 4.168150
23251 19 22 22
-0.191209 -0.901199 -0.388946 4.762873
10995 19 23 10
-0.167604 -0.934981 0.312600 5.384957
12019 19 23 11
0.173259 -0.984720 -0.017565 5.962749
14067 19 23 13
0.489239 -0.871556 0.032157 6.275030
15091 19 23 14
0.670984 -0.706833 -0.223981 5.871295
16115 19 23 15
0.791516 -0.538988 -0.288087 4.812726
17139 19 23 16
0.861634 -0.421938 -0.282055 3.837011
19732 20 8 19
-0.381055 0.907102 0.178784 5.488500
19764 20 9 19
-0.374591 0.110589 0.920572 6.756561
20788 20 9 20
-0.284762 0.954709 -0.086259 7.473597
21812 20 9 21
0.027722 0.982805 -0.182555 6.951508
22836 20 9 22
0.187028 0.869146 -0.457827 5.519056
9556 20 10 9
0.178509 0.983726 -0.020442 5.689491
10580 20 10 10
0.385282 0.838607 -0.385092 4.990137
20820 20 10 20
-0.188543 -0.475886 0.859060 8.158987
21844 20 10 21
0.698197 0.307074 0.646704 9.367769
22868 20 10 22
0.458409 0.469881 -0.754369 8.649104
7540 20 11 7
-0.427122 0.237252 0.872513 5.554088
8564 20 11 8
-0.780832 -0.395109 0.483932 6.941873
9588 20 11 9
0.472649 -0.879498 -0.055548 7.150768
10612 20 11 10
0.553593 -0.112177 -0.825197 6.338583
12660 20 11 12
0.903743 0.122654 -0.410128 3.772010
13684 20 11 13
0.318163 0.278555 -0.906189 2.611955
16756 20 11 16
-0.041827 0.039710 0.998335 4.531391
18804 20 11 18
-0.459975 -0.869287 0.181007 4.336936
22900 20 11 22
0.691801 -0.550048 -0.467823 8.421223
23924 20 11 23
0.603673 0.270017 -0.750113 6.742445
25972 20 11 25
0.471419 0.834566 -0.285068 5.616428
7572 20 12 7
-0.189740 -0.715361 0.672501 4.993502
10644 20 12 10
0.336404 -0.739523 -0.583042 5.171005
13716 20 12 13
0.417801 -0.641705 -0.643162 2.206087
18836 20 12 18
0.937045 -0.083739 -0.339020 4.188019
22932 20 12 22
0.769938 -0.428050 -0.473253 7.381898
24980 20 12 24
0.722255 0.306267 0.620120 7.954788
26004 20 12 25
0.656882 0.453698 -0.602216 8.147402
7604 20 13 7
0.622770 -0.741827 0.248696 3.771719
10676 20 13 10
0.443216 -0.520398 -0.729894 3.945027
17844 20 13 17
0.698365 -0.581310 0.417571 4.083875
19892 20 13 19
0.730901 0.229007 0.642915 4.381405
22964 20 13 22
-0.297040 0.412420 -0.861207 7.432653
23988 20 13 23
0.216228 -0.970566 0.106053 6.578437
26036 20 13 25
0.511978 0.637789 -0.575416 8.841232
7636 20 14 7
0.452827 -0.869398 0.197723 2.197204
21972 20 14 21
0.098081 0.925073 0.366907 8.769228
22996 20 14 22
-0.355646 0.402042 -0.843729 8.141029
24020 20 14 23
-0.887032 0.038868 -0.460069 6.397536
26068 20 14 25
-0.776589 -0.416686 0.472527 9.238670
28116 20 14 27
-0.041636 -0.107535 -0.993329 5.430861
22004 20 15 21
0.412691 0.906777 -0.086268 10.143976
23028 20 15 22
-0.345230 -0.047437 -0.937318 8.782733
26100 20 15 25
-0.720404 -0.688887 0.080326 7.577596
27124 20 15 26
-0.528340 -0.686480 -0.499602 6.609566
10772 20 16 10
-0.752166 -0.341381 -0.563654 2.986390
21012 20 16 20
-0.253690 -0.741102 0.621618 8.195780
22036 20 16 21
-0.297728 -0.928636 -0.221344 8.749221
10804 20 17 10
0.064362 -0.951484 -0.300892 2.126569
20020 20 17 19
-0.019074 -0.713949 0.699938 3.423219
21044 20 17 20
-0.252803 -0.958725 0.130143 4.861750
10932 20 21 10
-0.755852 0.454014 0.471761 5.708082
11956 20 21 11
-0.563413 0.808107 -0.171842 6.466613
12980 20 21 12
-0.291629 0.905060 -0.309548 5.137030
15028 20 21 14
-0.265250 0.941778 -0.206630 3.956994
23220 20 21 22
-0.604777 0.718329 -0.343873 3.506848
10964 20 22 10
-0.703795 -0.229907 0.672172 6.319158
11988 20 22 11
-0.942917 -0.084996 0.322000 8.302001
13012 20 22 12
-0.396086 0.882608 -0.253217 8.191788
14036 20 22 13
-0.290125 0.954885 -0.063426 7.977792
15060 20 22 14
-0.254821 0.880241 -0.400303 7.409702
16084 20 22 15
-0.056011 0.904418 -0.422955 6.103019
17108 20 22 16
0.244416 0.956187 -0.161142 5.259323
18132 20 22 17
0.427930 0.896097 -0.117842 4.885874
19156 20 22 18
0.234353 0.919878 -0.314489 4.442208
20180 20 22 19
-0.679480 0.504559 -0.532661 3.810061
22228 20 22 21
-0.502749 -0.636791 0.584586 4.348953
23252 20 22 22
-0.544599 -0.513650 -0.663005 3.917267
12020 20 23 11
-0.185497 -0.913683 0.361626 6.073560
13044 20 23 12
0.116786 -0.973754 0.195357 7.060378
14068 20 23 13
0.227507 -0.963649 0.140074 7.655611
15092 20 23 14
0.272847 -0.921092 -0.277747 7.539978
16116 20 23 15
0.414577 -0.835861 -0.359808 6.682802
17140 20 23 16
0.722933 -0.663163 -0.193861 6.172821
18164 20 23 17
0.729080 -0.584845 -0.355526 5.471763
19188 20 23 18
0.458096 -0.722692 -0.517556 4.184991
15124 20 24 14
0.245716 -0.967412 -0.061131 3.938637
15669 21 9 15
0.389965 0.616530 0.683972 2.724671
16693 21 9 16
0.313019 0.891266 -0.328122 3.241334
19765 21 9 19
-0.729885 0.409502 0.547335 5.259545
22837 21 9 22
-0.366560 0.875121 -0.315905 5.057318
9557 21 10 9
-0.504380 0.807005 0.307154 5.054950
10581 21 10 10
-0.208266 0.969977 -0.125575 5.456018
11605 21 10 11
-0.003572 0.871046 -0.491189 4.553876
19797 21 10 19
-0.200303 -0.048768 0.978519 5.702766
21845 21 10 21
-0.452413 0.831677 0.321925 9.090624
22869 21 10 22
-0.416142 0.693829 -0.587731 8.696013
23893 21 10 23
-0.151060 0.619900 -0.770003 5.655272
7541 21 11 7
-0.645129 0.371638 0.667603 3.760755
8565 21 11 8
-0.917360 0.059761 0.393548 5.138881
9589 21 11 9
-0.866875 -0.219519 0.447592 6.219587
12661 21 11 12
-0.311736 0.228841 -0.922200 4.340888
16757 21 11 16
0.650540 0.097113 0.753237 5.265403
17781 21 11 17
0.543873 0.656207 -0.523062 5.477548
21877 21 11 21
0.496969 -0.627472 0.599417 9.696549
22901 21 11 22
0.001123 -0.506286 -0.862365 9.295974
25973 21 11 25
0.192867 0.923002 -0.332972 7.218705
26997 21 11 26
0.243084 0.701531 -0.669899 4.721153
10645 21 12 10
-0.430714 -0.873827 -0.225636 5.156713
12693 21 12 12
0.005967 -0.648911 -0.760841 3.913044
15765 21 12 15
0.724481 -0.239223 0.646452 3.090916
17813 21 12 17
0.903583 -0.340894 0.259477 5.818774
19861 21 12 19
0.571347 0.024293 0.820349 5.420861
20885 21 12 20
0.345469 -0.447344 0.824945 7.043931
21909 21 12 21
0.232113 -0.960658 0.152509 8.142329
22933 21 12 22
0.155281 -0.953047 -0.259979 7.882915
24981 21 12 24
0.611190 -0.216350 0.761340 9.168255
26005 21 12 25
0.294248 0.024698 -0.955410 9.170444
27029 21 12 26
0.479156 0.404593 -0.778919 6.854067
7605 21 13 7
0.913248 -0.393652 0.104959 4.952049
8629 21 13 8
0.395757 -0.553461 -0.732842 4.100632
10677 21 13 10
-0.673067 -0.710106 -0.206713 3.898193
12725 21 13 12
0.287681 -0.731818 -0.617804 2.749383
17845 21 13 17
0.435605 -0.554152 0.709341 5.009065
20917 21 13 20
0.576913 0.478089 0.662270 6.759375
28085 21 13 27
0.916086 0.238646 -0.322233 6.855557
10709 21 14 10
-0.828579 -0.539737 -0.148795 3.409462
11733 21 14 11
-0.019878 -0.422119 -0.906322 2.789371
21973 21 14 21
-0.420691 0.826975 -0.373005 8.164527
26069 21 14 25
-0.436133 -0.706501 0.557354 8.142132
27093 21 14 26
0.121923 -0.775516 -0.619443 8.076375
28117 21 14 27
0.606541 -0.563450 -0.560920 6.312386
11765 21 15 11
0.686589 -0.107815 -0.719008 2.467816
17909 21 15 17
0.999886 -0.014410 -0.004593 3.849192
20981 21 15 20
0.223155 -0.312415 0.923363 9.365644
22005 21 15 21
-0.778571 0.055032 -0.625139 9.494998
23029 21 15 22
-0.405508 -0.104716 -0.908073 7.575394
15893 21 16 15
0.945479 0.210457 0.248552 5.301930
16917 21 16 16
0.895252 0.081735 -0.437998 4.918242
22037 21 16 21
-0.256444 -0.943358 -0.210504 7.486539
23061 21 16 22
-0.232438 -0.769173 -0.595270 5.651309
15925 21 17 15
0.945871 -0.290851 0.143996 5.119544
20021 21 17 19
-0.065145 -0.894754 0.441782 3.041613
14933 21 18 14
0.589056 -0.666058 0.457580 2.593774
11957 21 21 11
-0.760766 0.636682 0.125979 3.656553
11989 21 22 11
-0.880848 0.110914 0.460224 5.352447
13013 21 22 12
-0.798431 0.568868 0.197225 6.579877
14037 21 22 13
-0.458429 0.888729 0.001753 6.896448
19157 21 22 18
-0.285582 0.805757 -0.518844 4.233487
22229 21 22 21
-0.976034 0.060905 -0.208924 3.320096
12021 21 23 11
-0.623068 -0.562590 0.543396 4.282946
13045 21 23 12
-0.593043 -0.695016 0.406512 6.180578
14069 21 23 13
-0.512697 -0.798942 0.314379 7.381269
15093 21 23 14
-0.316503 -0.922082 -0.222687 7.614534
17141 21 23 16
0.174948 -0.983945 0.035304 7.146311
18165 21 23 17
-0.022396 -0.734577 -0.678156 6.652568
19189 21 23 18
-0.120322 -0.534210 -0.836745 4.777888
22261 21 23 21
-0.269888 -0.920573 -0.282322 2.178455
15125 21 24 14
-0.075148 -0.997158 -0.005323 4.334943
10582 22 10 10
-0.825601 0.555895 0.096767 3.723293
11606 22 10 11
-0.743488 0.556340 -0.371093 3.267098
15702 22 10 15
-0.070243 0.638204 0.766656 4.155996
16726 22 10 16
-0.096094 0.995372 -0.000275 5.003160
19798 22 10 19
-0.588179 0.360743 0.723816 4.506413
20822 22 10 20
-0.615517 0.717144 0.326869 6.408618
22870 22 10 22
-0.632127 0.700924 -0.330334 6.250157
9590 22 11 9
-0.933394 0.098336 0.345117 3.727346
10614 22 11 10
-0.992609 -0.078189 0.092813 4.456617
11638 22 11 11
-0.949341 0.065624 -0.307318 4.189452
16758 22 11 16
0.619562 0.275228 0.735114 6.555695
17782 22 11 17
0.350088 0.677180 -0.647198 6.503438
20854 22 11 20
-0.453625 0.005599 0.891175 7.741093
21878 22 11 21
-0.900989 0.356708 0.246939 9.246130
22902 22 11 22
-0.630030 0.376577 -0.679155 8.505203
24950 22 11 24
-0.497086 0.865317 0.064282 7.046573
25974 22 11 25
-0.457230 0.844629 -0.278464 6.659394
8598 22 12 8
0.074372 0.732500 -0.676693 4.573795
10646 22 12 10
-0.882579 -0.463114 0.081122 3.787751
12694 22 12 12
-0.716470 -0.150851 -0.681112 3.116358
17814 22 12 17
0.650980 -0.711523 0.264500 6.786216
23958 22 12 23
-0.931207 0.064977 0.358653 8.291232
24982 22 12 24
-0.971006 -0.181704 0.155344 8.753309
26006 22 12 25
-0.944584 0.130147 -0.301367 8.716341
28054 22 12 27
0.259983 0.957378 -0.125839 7.454832
29078 22 12 28
0.105293 0.833678 -0.542120 6.201895
30102 22 12 29
0.019288 0.539416 -0.841819 3.263371
6582 22 13 6
0.795720 0.430065 0.426466 6.027017
7606 22 13 7
0.938871 0.041852 -0.341715 6.462327
8630 22 13 8
0.604407 -0.134493 -0.785241 5.069404
15798 22 13 15
0.989908 -0.068387 0.124122 4.796246
18870 22 13 18
0.778560 -0.153651 0.608470 6.733261
21942 22 13 21
0.947452 -0.131260 -0.291728 7.908436
23990 22 13 23
-0.373902 -0.897652 -0.233277 7.551384
28086 22 13 27
0.892643 0.450757 -0.002384 9.744601
29110 22 13 28
0.443243 0.187346 -0.876605 8.409093
30134 22 13 29
0.140300 0.028026 -0.989712 4.431318
5590 22 14 5
0.887671 -0.064193 0.455983 4.927037
6614 22 14 6
0.949877 -0.292352 0.110742 6.057970
15830 22 14 15
0.949337 0.309168 0.056347 5.007031
18902 22 14 18
0.529800 0.039183 0.847217 6.685620
19926 22 14 19
0.423466 0.445180 0.788981 8.584579
20950 22 14 20
0.648138 0.718884 -0.251241 9.668085
24022 22 14 23
-0.187860 -0.723469 -0.664305 6.013517
26070 22 14 25
-0.399456 -0.640450 0.655941 6.878054
27094 22 14 26
0.208172 -0.907509 0.364818 8.687676
28118 22 14 27
0.749599 -0.657693 -0.074434 9.097205
29142 22 14 28
0.582433 -0.480354 -0.655768 7.476465
7670 22 15 7
0.896518 -0.440897 0.043186 4.502674
13814 22 15 13
0.958129 0.194021 0.210583 5.362140
15862 22 15 15
0.768860 0.638603 -0.032245 6.458193
17910 22 15 17
0.995472 0.039409 0.086505 5.905008
18934 22 15 18
0.682619 -0.448906 0.576641 6.381176
19958 22 15 19
0.429507 -0.440260 0.788476 8.529900
20982 22 15 20
0.453195 -0.852228 -0.261386 9.899404
23030 22 15 22
-0.382376 -0.367972 -0.847576 6.570253
24054 22 15 23
-0.195367 -0.577186 -0.792898 4.233350
28150 22 15 27
0.487372 -0.873091 0.013393 5.483181
14870 22 16 14
0.812560 -0.137561 0.566413 6.654416
18966 22 16 18
0.835858 -0.528464 0.148552 5.141728
22038 22 16 21
0.096056 -0.836565 -0.539382 7.041760
23062 22 16 22
-0.141463 -0.690985 -0.708892 4.874369
9782 22 17 9
0.857691 -0.300990 0.416858 5.459738
10806 22 17 10
0.891712 -0.451304 -0.034273 6.241428
11830 22 17 11
0.839611 -0.461889 -0.285853 5.655719
12854 22 17 12
0.793193 -0.457604 -0.401800 4.381134
15926 22 17 15
0.476608 -0.684927 0.551108 7.639624
16950 22 17 16
0.710118 -0.382961 -0.590824 7.383575
17974 22 17 17
0.720772 -0.326049 -0.611703 5.134126
15958 22 18 15
0.058213 -0.956919 0.284459 4.813790
16982 22 18 16
0.347117 -0.895485 -0.278599 4.812113
14038 22 22 13
-0.783276 0.558602 0.272840 4.733809
15062 22 22 14
-0.611382 0.789224 0.057768 5.317286
16086 22 22 15
-0.482979 0.874092 -0.051917 5.289996
17110 22 22 16
-0.569188 0.808899 -0.147330 4.998203
18134 22 22 17
-0.653910 0.673246 -0.345169 4.158027
14070 22 23 13
-0.822342 -0.419835 0.384048 4.938194
15094 22 23 14
-0.872015 -0.455836 0.178334 6.036263
16118 22 23 15
-0.877832 -0.476306 -0.050441 6.190595
17142 22 23 16
-0.908792 -0.386222 -0.157893 5.895804
18166 22 23 17
-0.876880 -0.281051 -0.389990 5.014020
19190 22 23 18
-0.777242 -0.270343 -0.568164 3.371855
20214 22 23 19
-0.778551 -0.529281 -0.337225 2.232638
21238 22 23 20
-0.690930 -0.681733 -0.240533 1.897199
14711 23 11 14
0.286905 0.636718 0.715734 4.631065
16759 23 11 16
0.343812 0.839565 0.420623 7.496683
17783 23 11 17
0.096559 0.700117 -0.707469 7.083402
20855 23 11 20
-0.588360 0.460438 0.664703 6.109622
22903 23 11 22
-0.635335 0.639265 -0.433232 6.397531
23927 23 11 23
-0.760472 0.541571 -0.358307 4.473421
7575 23 12 7
-0.034858 0.994186 0.101875 5.497144
8599 23 12 8
0.045998 0.884870 -0.463561 4.833362
11671 23 12 11
-0.995330 0.085566 -0.044695 2.156613
15767 23 12 15
0.932573 0.084141 0.351038 7.653877
17815 23 12 17
0.290094 -0.752618 -0.591111 7.324594
18839 23 12 18
-0.494152 0.259730 -0.829671 6.109214
19863 23 12 19
-0.812786 0.544210 0.207881 5.324286
21911 23 12 21
-0.389563 0.696518 0.602581 9.218921
22935 23 12 22
-0.473216 0.345885 -0.810204 8.320457
24983 23 12 24
-0.999365 0.030943 0.017694 5.037894
26007 23 12 25
-0.911212 0.299382 0.282955 5.811674
27031 23 12 26
-0.642866 0.757688 0.112393 6.764887
28055 23 12 27
-0.563631 0.793647 -0.229006 6.459534
5559 23 13 5
0.184865 0.733590 0.653965 5.884104
6583 23 13 6
0.211617 0.938052 0.274366 7.506597
7607 23 13 7
0.488635 0.796004 -0.357231 7.568653
9655 23 13 9
0.572588 0.528318 -0.626915 5.171494
15799 23 13 15
0.842253 -0.450911 0.295448 7.130826
18871 23 13 18
-0.972512 -0.208497 -0.103681 5.915791
19895 23 13 19
-0.780284 0.462569 0.420936 6.247178
20919 23 13 20
-0.431527 0.511125 0.743328 8.162253
21943 23 13 21
0.564349 -0.817052 0.118051 9.454408
22967 23 13 22
-0.105375 -0.365092 -0.924989 8.332301
23991 23 13 23
-0.685601 -0.208702 -0.697420 5.853193
27063 23 13 26
-0.758798 0.240025 0.605486 8.802384
28087 23 13 27
-0.778167 0.597852 -0.192430 9.507455
29111 23 13 28
-0.620174 0.396857 -0.676675 7.421105
5591 23 14 5
0.630383 0.248379 0.735476 7.910476
6615 23 14 6
0.967218 -0.044999 -0.249930 8.590246
15831 23 14 15
0.771393 0.338542 0.538834 6.698562
20951 23 14 20
-0.763552 0.599920 0.238925 9.709331
21975 23 14 21
0.059594 -0.378268 -0.923776 8.883005
24023 23 14 23
-0.536602 -0.417777 -0.733158 4.657075
27095 23 14 26
-0.517426 -0.534122 0.668568 8.032744
28119 23 14 27
-0.747951 -0.649824 0.135270 9.870593
29143 23 14 28
-0.428727 -0.204533 -0.879977 8.099315
4599 23 15 4
0.375460 -0.292457 0.879487 4.484630
5623 23 15 5
0.600213 -0.749969 0.278011 6.952709
7671 23 15 7
0.630588 -0.680045 0.374028 7.491569
8695 23 15 8
0.981708 0.069438 0.177279 8.367014
9719 23 15 9
0.823839 0.517193 -0.231948 8.221641
10743 23 15 10
0.542065 0.770065 -0.336400 7.245164
12791 23 15 12
0.616504 0.624331 0.479723 7.369302
13815 23 15 13
0.971552 0.220338 0.086820 8.251458
14839 23 15 14
-0.016506 0.855944 -0.516805 7.801297
15863 23 15 15
-0.176922 0.980028 0.090791 7.665174
16887 23 15 16
0.461691 0.758014 -0.460712 7.567801
17911 23 15 17
0.068521 0.124190 -0.989890 6.818681
18935 23 15 18
-0.384613 0.151525 0.910556 6.710832
19959 23 15 19
-0.235993 0.027585 0.971363 8.906368
20983 23 15 20
-0.475583 -0.447060 -0.757600 10.125564
23031 23 15 22
-0.248569 -0.379659 -0.891107 5.786965
24055 23 15 23
-0.444099 -0.459069 -0.769436 3.079840
28151 23 15 27
-0.161091 -0.966368 0.200456 6.624283
29175 23 15 28
-0.134195 -0.794378 -0.592414 5.724707
5655 23 16 5
0.286170 -0.957787 0.027396 3.510465
8727 23 16 8
0.658635 -0.329268 0.676596 7.732124
9751 23 16 9
0.973964 0.164320 0.156184 9.232619
10775 23 16 10
0.827084 0.409843 -0.384657 8.914227
11799 23 16 11
0.891855 0.420870 -0.165720 8.526538
12823 23 16 12
0.901738 -0.153911 -0.403956 8.036296
14871 23 16 14
-0.316179 -0.716018 0.622374 7.896323
15895 23 16 15
-0.949491 0.020098 0.313149 8.647724
19991 23 16 19
0.542827 -0.411656 0.732036 8.316619
21015 23 16 20
0.843487 -0.537094 0.007765 9.432313
22039 23 16 21
0.530988 -0.139296 -0.835852 8.105917
9783 23 17 9
0.496554 -0.813387 0.303044 8.320361
10807 23 17 10
0.420717 -0.882438 -0.210477 8.233979
11831 23 17 11
0.660974 -0.738358 -0.133940 7.930614
12855 23 17 12
0.581327 -0.626950 -0.518644 6.855807
15927 23 17 15
-0.522087 -0.773228 0.359922 7.186474
16951 23 17 16
-0.637231 -0.750317 -0.175957 7.694091
17975 23 17 17
0.159378 -0.720660 -0.674720 6.679486
18999 23 17 18
0.677932 -0.735102 0.005851 5.982756
20023 23 17 19
0.641459 -0.692340 0.330447 6.670039
21047 23 17 20
0.734006 -0.674085 0.082731 7.640019
22071 23 17 21
0.626916 -0.577251 -0.523219 6.633432
9815 23 18 9
0.187368 -0.958313 0.215706 4.581213
16983 23 18 16
-0.397322 -0.917405 0.022438 4.608998
18007 23 18 17
-0.013360 -0.960318 -0.278589 4.001367
16087 23 22 15
-0.927214 0.373019 -0.033631 2.737128
14712 24 11 14
-0.146609 0.885416 0.441071 4.803419
16760 24 11 16
-0.325008 0.929855 0.172452 7.547608
17784 24 11 17
-0.403162 0.620667 -0.672483 6.627662
20856 24 11 20
-0.753587 0.510589 0.414012 3.803429
21880 24 11 21
-0.758406 0.646345 -0.084015 4.462620
13720 24 12 13
0.473192 0.538774 0.697003 5.295785
15768 24 12 15
-0.263835 0.563767 0.782661 8.675550
16792 24 12 16
-0.422294 -0.555350 -0.716417 8.686610
17816 24 12 17
-0.337062 -0.300026 -0.892398 7.295836
18840 24 12 18
-0.514959 0.071794 -0.854203 4.926696
20888 24 12 20
-0.761548 0.166638 0.626320 5.031720
21912 24 12 21
-0.930176 0.355916 0.089980 6.798489
7608 24 13 7
-0.755937 0.651700 -0.062026 7.076914
8632 24 13 8
-0.710811 0.677340 -0.189625 6.881978
9656 24 13 9
-0.346546 0.711762 -0.610983 5.704655
13752 24 13 13
0.645170 0.409764 0.644864 7.039529
14776 24 13 14
0.992913 -0.103179 -0.058978 8.026268
16824 24 13 16
-0.249704 -0.854761 -0.455008 7.442994
17848 24 13 17
-0.071551 -0.488804 -0.869454 6.243521
21944 24 13 21
-0.984707 0.024427 0.172498 7.511813
22968 24 13 22
-0.790713 -0.001720 -0.612185 6.414187
27064 24 13 26
-0.930827 0.126594 0.342834 4.871589
28088 24 13 27
-0.930608 0.331198 -0.155808 5.349506
5592 24 14 5
-0.320070 0.405941 0.856018 8.449422
6616 24 14 6
-0.791536 0.084685 -0.605226 8.752267
8664 24 14 8
-0.939608 0.342177 0.007161 7.873635
9688 24 14 9
-0.591512 0.527882 -0.609470 7.345974
10712 24 14 10
-0.102304 0.705237 -0.701551 5.347172
13784 24 14 13
0.464947 0.410436 0.784453 8.143302
14808 24 14 14
0.317860 -0.411814 -0.854034 7.484091
17880 24 14 17
-0.324375 0.175495 -0.929507 5.995519
20952 24 14 20
-0.741542 0.565254 0.361392 7.170857
21976 24 14 21
-0.955279 0.113629 -0.273004 7.587144
23000 24 14 22
-0.620846 -0.282110 -0.731412 5.714956
28120 24 14 27
-0.991089 -0.128592 0.034727 5.988720
29144 24 14 28
-0.852535 0.004480 -0.522652 4.632836
4600 24 15 4
-0.235925 -0.365182 0.900545 4.741052
5624 24 15 5
-0.393028 -0.886342 0.244801 7.295823
6648 24 15 6
-0.409098 -0.900473 -0.147606 7.046223
7672 24 15 7
-0.690463 -0.608341 0.391384 7.321257
8696 24 15 8
-0.947861 0.118699 0.295753 8.412873
12792 24 15 12
-0.429546 0.776477 0.461057 7.632941
13816 24 15 13
-0.752136 -0.555723 -0.354208 7.857407
16888 24 15 16
-0.997556 -0.027763 -0.064111 6.551081
17912 24 15 17
-0.924467 0.024391 -0.380482 6.146639
19960 24 15 19
-0.224919 0.722720 0.653519 8.050253
20984 24 15 20
-0.461110 0.861566 0.212322 9.338442
22008 24 15 21
-0.147659 0.442733 -0.884412 8.367548
28152 24 15 27
-0.782471 -0.603864 0.151948 4.111630
29176 24 15 28
-0.757661 -0.495731 -0.424501 3.503982
8728 24 16 8
-0.472574 -0.271489 0.838431 8.192327
9752 24 16 9
-0.932856 0.349127 -0.088828 9.216017
15896 24 16 15
-0.961472 -0.273746 0.025183 6.417029
16920 24 16 16
-0.978361 -0.191945 -0.077243 6.304733
19992 24 16 19
0.070403 -0.102468 0.992242 8.943134
22040 24 16 21
0.317177 0.252416 -0.914158 9.629355
8760 24 17 8
-0.190201 -0.627865 0.754724 6.422348
9784 24 17 9
-0.262328 -0.914133 0.309103 8.517433
12856 24 17 12
0.140639 -0.539422 -0.830208 8.126146
13880 24 17 13
-0.198423 -0.678525 -0.707271 5.500509
14904 24 17 14
-0.545691 -0.834030 -0.081334 4.303556
15928 24 17 15
-0.723228 -0.683528 0.098643 4.464072
16952 24 17 16
-0.818265 -0.539960 0.197195 5.029629
17976 24 17 17
-0.570457 -0.635744 0.520008 6.000473
21048 24 17 20
0.330779 -0.803154 0.495508 9.599180
22072 24 17 21
0.360079 -0.595150 -0.718428 8.956286
23096 24 17 22
0.142746 -0.321924 -0.935942 4.548994
10840 24 18 10
0.205494 -0.950690 0.232294 6.063246
11864 24 18 11
0.201289 -0.975266 -0.091322 6.494184
12888 24 18 12
0.088755 -0.870052 -0.484905 5.082990
21080 24 18 20
0.254352 -0.960113 0.116140 6.095551
16761 25 11 16
-0.728808 0.684690 -0.006161 5.326579
17785 25 11 17
-0.702544 0.513872 -0.492308 4.239255
13721 25 12 13
-0.345786 0.737487 0.580124 5.595822
15769 25 12 15
-0.803800 0.594854 0.007339 7.455758
16793 25 12 16
-0.903708 0.274386 -0.328671 7.156289
17817 25 12 17
-0.649249 0.309448 -0.694779 5.733023
18841 25 12 18
-0.378342 0.534022 -0.756094 3.569719
5561 25 13 5
-0.564648 0.723356 0.397402 4.555003
6585 25 13 6
-0.794942 0.587498 -0.151371 4.943446
7609 25 13 7
-0.924356 0.344674 -0.163600 4.155784
8633 25 13 8
-0.945938 0.320383 -0.050553 3.819299
9657 25 13 9
-0.824529 0.501406 -0.262190 3.335647
13753 25 13 13
-0.366580 0.386001 0.846536 7.888136
14777 25 13 14
-0.759138 0.212733 -0.615186 8.755763
5593 25 14 5
-0.926507 0.037717 0.374381 6.303065
6617 25 14 6
-0.945358 -0.074982 -0.317296 6.103821
14809 25 14 14
-0.074655 -0.836848 -0.542320 7.959908
17881 25 14 17
0.971543 -0.212411 0.104812 6.394295
5625 25 15 5
-0.747355 -0.652341 0.126142 4.725484
7673 25 15 7
-0.936895 -0.272170 0.219434 4.400583
8697 25 15 8
-0.913827 0.224890 0.338149 5.556632
10745 25 15 10
-0.584906 0.809060 0.057510 6.716898
11769 25 15 11
-0.492079 0.861997 -0.121739 6.538037
13817 25 15 13
-0.715850 -0.697930 -0.021269 6.564887
18937 25 15 18
0.717409 0.451153 0.530834 7.540325
19961 25 15 19
0.128592 0.989920 0.059353 7.992815
20985 25 15 20
-0.307695 0.940525 0.144000 8.448864
22009 25 15 21
-0.354125 0.655367 -0.667151 7.396881
8729 25 16 8
-0.721279 -0.043561 0.691273 5.982030
11801 25 16 11
-0.717469 0.629289 -0.298719 8.883869
12825 25 16 12
-0.716943 0.213778 -0.663545 7.215216
14873 25 16 14
-0.603555 -0.792663 -0.086062 4.623476
18969 25 16 18
0.554899 0.110418 0.824557 8.239141
19993 25 16 19
0.313399 0.166254 0.934955 9.064611
21017 25 16 20
-0.486230 0.358945 0.796705 10.168180
22041 25 16 21
-0.284768 0.393580 -0.874072 9.687350
8761 25 17 8
-0.471481 -0.507052 0.721529 4.783519
9785 25 17 9
-0.428051 -0.559222 0.709960 7.571393
10809 25 17 10
-0.477955 -0.647548 0.593499 9.229662
11833 25 17 11
-0.760730 -0.506764 -0.405561 9.215698
12857 25 17 12
-0.628434 -0.331779 -0.703558 7.124218
19001 25 17 18
0.363081 -0.673087 0.644303 7.732437
21049 25 17 20
-0.145669 -0.670100 0.727837 9.782980
22073 25 17 21
-0.062527 -0.543876 -0.836833 9.597241
10841 25 18 10
-0.188417 -0.959403 0.209866 6.227525
11865 25 18 11
-0.371379 -0.898726 -0.233171 6.071789
12889 25 18 12
-0.406897 -0.785472 -0.466335 4.322977
19033 25 18 18
0.114796 -0.958373 0.261425 4.798158
21081 25 18 20
-0.058517 -0.976881 0.205619 6.532764
22105 25 18 21
0.033406 -0.899177 -0.436307 6.007587
15770 26 12 15
-0.725032 0.664343 0.181598 5.012887
14778 26 13 14
-0.964474 0.229890 0.130155 6.071382
16826 26 13 16
0.373968 0.857451 0.353447 7.746760
18874 26 13 18
0.347359 0.802052 -0.485854 6.588203
19898 26 13 19
0.104256 0.695871 -0.710559 4.142343
5594 26 14 5
-0.991145 -0.059929 0.118488 2.659655
13786 26 14 13
-0.921687 -0.143426 0.360448 5.288051
14810 26 14 14
-0.964424 -0.221664 0.144054 6.129212
15834 26 14 15
-0.796088 -0.335362 0.503763 6.919399
16858 26 14 16
0.458788 -0.839985 0.289722 7.724342
18906 26 14 18
0.654998 0.470411 -0.591347 8.281384
19930 26 14 19
-0.000571 0.589158 -0.808018 6.361530
13818 26 15 13
-0.891184 -0.418268 0.175624 4.098173
15866 26 15 15
-0.587878 -0.784799 0.196190 5.412238
18938 26 15 18
0.662160 0.716779 0.218567 8.864069
20986 26 15 20
-0.651022 0.726981 -0.218335 7.048480
22010 26 15 21
-0.540868 0.545443 -0.640276 5.300536
9754 26 16 9
-0.881229 0.306339 0.359990 5.095579
10778 26 16 10
-0.925654 0.378012 0.016462 5.871849
18970 26 16 18
0.179220 -0.222019 0.958430 9.173545
19994 26 16 19
-0.454662 0.502644 -0.735276 8.936352
22042 26 16 21
-0.648166 0.406854 -0.643702 7.590945
9786 26 17 9
-0.770717 -0.282500 0.571130 5.254441
10810 26 17 10
-0.982176 -0.187720 -0.009546 6.560826
19002 26 17 18
-0.237141 -0.687972 0.685900 7.939724
20026 26 17 19
-0.277106 -0.946385 -0.166036 8.603831
22074 26 17 21
-0.686973 -0.300592 -0.661599 8.242314
23098 26 17 22
-0.290313 -0.085921 -0.953067 4.208927
10842 26 18 10
-0.648453 -0.760928 0.022291 4.193513
19034 26 18 18
-0.230630 -0.895201 0.381347 4.595109
20058 26 18 19
-0.185202 -0.982619 0.012665 5.289853
22106 26 18 21
-0.374128 -0.869019 -0.323782 5.198297
16827 27 13 16
-0.311128 0.586438 0.747857 7.500725
17851 27 13 17
-0.144637 0.967122 -0.209178 8.490363
18875 27 13 18
-0.247681 0.655761 -0.713184 6.789094
16859 27 14 16
0.053060 -0.298731 0.952861 7.899669
18907 27 14 18
-0.498103 0.145803 -0.854772 7.956354
17915 27 15 17
0.691611 -0.219187 0.688209 8.758509
18939 27 15 18
-0.485349 0.407576 -0.773510 8.584680
20987 27 15 20
-0.725266 0.486529 -0.487113 4.794696
17947 27 16 17
0.110453 -0.800595 0.588938 7.114825
18971 27 16 18
-0.751048 -0.657618 0.058869 8.418231
19995 27 16 19
-0.832039 0.149416 -0.534215 7.577489
21019 27 16 20
-0.860787 0.289030 -0.418936 6.168128
20027 27 17 19
-0.816895 -0.570474 -0.085096 6.757347
21051 27 17 20
-0.890994 -0.398717 -0.217151 6.041543
22075 27 17 21
-0.876143 -0.182216 -0.446286 4.756517
16828 28 13 16
-0.276236 0.739887 0.613401 6.258337
17852 28 13 17
-0.405912 0.898763 -0.165713 7.367619
18876 28 13 18
-0.325334 0.585121 -0.742826 5.370225
16860 28 14 16
0.270961 0.369036 0.889040 8.480783
16892 28 15 16
0.500457 -0.288763 0.816185 8.582162
17916 28 15 17
0.861112 -0.262117 -0.435638 9.839538
18940 28 15 18
-0.036223 0.103906 -0.993927 7.884983
16924 28 16 16
0.337917 -0.755837 0.560823 5.921903
17948 28 16 17
0.140893 -0.989526 0.031419 7.468849
18972 28 16 18
-0.416036 -0.798898 -0.434369 6.616872
19996 28 16 19
-0.806779 -0.256256 -0.532390 4.836574
17853 29 13 17
-0.311700 0.948718 -0.052698 6.051462
18877 29 13 18
-0.141746 0.780679 -0.608644 4.507038
16861 29 14 16
-0.232195 0.667315 0.707656 8.685443
17885 29 14 17
-0.064694 0.966943 -0.246650 9.768512
18909 29 14 18
0.138650 0.512497 -0.847421 7.469393
16893 29 15 16
0.086493 -0.123541 0.988563 9.967198
17917 29 15 17
0.584072 -0.291009 -0.757743 11.129728
18941 29 15 18
0.170756 -0.167360 -0.970996 8.406400
16925 29 16 16
0.248214 -0.776966 0.578545 7.631508
17949 29 16 17
0.226301 -0.940788 -0.252402 8.509978
16862 30 14 16
-0.674255 0.561022 0.480243 6.180800
17886 30 14 17
-0.713139 0.691009 0.118065 7.892405
18910 30 14 18
-0.476941 0.633044 -0.609739 6.889503
16894 30 15 16
-0.705183 0.180266 0.685726 8.395386
17918 30 15 17
-0.989843 0.133147 -0.049826 10.080090
18942 30 15 18
-0.460240 -0.190804 -0.867049 8.032039
19966 30 15 19
-0.177451 -0.185370 -0.966514 3.681883
16926 30 16 16
-0.460992 -0.619376 0.635499 7.349728
17950 30 16 17
-0.463325 -0.841556 -0.277694 8.288254
16958 30 17 16
-0.195448 -0.910454 0.364517 3.579340
17982 30 17 17
-0.175651 -0.954189 -0.242217 3.827371
18943 31 15 18
-0.912940 -0.071518 -0.401778 4.587524
19967 31 15 19
-0.613956 -0.160878 -0.772772 2.220944
17951 31 16 17
-0.905195 -0.412403 -0.102694 4.632210
